sample,mean,mean_uncertainty,median,percentile_16,percentile_84
0,0.025526197627186775,0.2331721970680278,0.5,-5,6.5
1,0.055709809064865112,0.22857772290629763,0.5,-5,6
2,0.079892523586750031,0.22444624941196262,0.5,-5,6
3,0.073981188237667084,0.21999173257271692,0.5,-5,6
4,0.047201074659824371,0.21461839576559058,0.5,-4.5,6
5,0.048454992473125458,0.20920596024370783,0.5,-4.5,6
6,0.024003582075238228,0.20287553228554683,0.5,-4.5,6
7,0.050246305763721466,0.19609029147189685,0.5,-4.5,6
8,0.051768921315670013,0.18843402155259736,0.5,-4.5,5.5
9,0.076847292482852936,0.17950060003358773,0.5,-4,5
10,0.06341245025396347,0.16989701777016059,0,-4,5
11,0.095835201442241669,0.16037328076038698,0,-4,5
12,0.15235109627246857,0.15204291232321179,0,-4,5
13,0.19175995886325836,0.14417463170988892,0,-4,5
14,0.25651589035987854,0.13640459880973935,0,-4,5
15,0.34070757031440735,0.12837579215318401,0,-4,5
16,0.40815046429634094,0.12011649995798315,0,-4,5
17,0.4325123131275177,0.11105366307683601,0,-4,5
18,0.39776086807250977,0.10102339367519057,0,-4,5
19,0.40904611349105835,0.091513892295876406,0,-4,5
20,0.5017465353012085,0.082547051730616869,0,-4,4.5
21,0.55781459808349609,0.075856526505704042,0,-4,4.5
22,0.54858934879302979,0.070521948702481102,0,-4,4.5
23,0.55020153522491455,0.066861191861314687,0,-4,4.5
24,0.56148678064346313,0.06427754686645136,0,-4,4
25,0.573219895362854,0.064995975510822993,0,-4,4
26,0.56068068742752075,0.070516445169197833,0,-4,4
27,0.58280342817306519,0.079939150339419104,0,-4,4
28,0.61477833986282349,0.092062412557139095,0,-4,4
29,0.60680699348449707,0.10445641281728868,0,-4,4
30,0.61137485504150391,0.11572809758000939,0,-4,4
31,0.5797581672668457,0.12558820670033949,0,-4,4
32,0.61898791790008545,0.13374385211387663,0,-4,4
33,0.59534257650375366,0.14087825361103895,0,-4.5,4
34,0.59749215841293335,0.14660051585339828,0,-4.5,4
35,0.59310346841812134,0.1515872434566061,0,-4.5,4
36,0.56748765707015991,0.15642964918598037,0,-4.5,4
37,0.5416032075881958,0.16139351429733295,0,-5,4
38,0.53443795442581177,0.16582159634093638,0,-5,4
39,0.53201967477798462,0.17049006371115277,-0.5,-5,4
40,0.56506943702697754,0.17568045645931396,-0.5,-5,4
41,0.57519030570983887,0.18100225069174972,-0.5,-5,4.5
42,0.53784143924713135,0.18597272012119476,-0.5,-5,4
43,0.5047917366027832,0.19060599912502735,-0.5,-5.5,4.5
44,0.49449172616004944,0.19534112949984683,-0.5,-5.5,4.5
45,0.49959695339202881,0.20081986274237967,-1,-5.5,4.5
46,0.47496640682220459,0.20565288183127919,-1,-5.5,4.5
47,0.43197491765022278,0.20998193548382299,-1,-6,4.5
48,0.39095386862754822,0.21396356706615896,-1,-6,4.5
49,0.34608149528503418,0.21833796885889406,-1,-6,5
50,0.32386922836303711,0.22444433980769621,-1,-6,5
51,0.36211374402046204,0.23411078862046988,-1,-6.3799999999999955,5
52,0.40394088625907898,0.24839386711121789,-1,-6.5,5
53,0.47523510456085205,0.2654974235259977,-1,-6.5,5
54,0.54070758819580078,0.28550978215537437,-1,-7,5.5
55,0.65669500827789307,0.30706040750451047,-1,-7,5.5
56,0.76157635450363159,0.33666695135421515,-1,-7,6
57,0.9579041600227356,0.37492905137446347,-1,-7,6
58,1.2326018810272217,0.41075054500341096,-1,-7,6
59,1.8735333681106567,0.43888422278079692,-1,-7,6.5
60,3.9732198715209961,0.47774561907850555,0,-7,9
61,11.059471130371094,0.56103712250957838,2,-6,20
62,31.382265090942383,0.73303400303716026,12.5,-2,59
63,81.975639343261719,1.0213840475037617,53,11,151.5
64,188.76139831542969,1.4305392444282128,159.5,63,313.88000000000011
65,371.60348510742188,2.173118155957845,334,169,566
66,619.280517578125,3.579413700979678,528,304,937
67,894.0675048828125,5.6059288689375917,707,440.12,1373
68,1160.403076171875,8.0097322814849665,869,550,1782.7600000000002
69,1392.0526123046875,10.445458908079573,991,634,2138.7600000000002
70,1571.956298828125,12.548625701164561,1084,697.5,2460.3800000000001
71,1695.7069091796875,14.093607526382037,1148,735,2724.2800000000007
72,1768.6817626953125,15.036788176889507,1184,758,2899.9000000000005
73,1800.9775390625,15.473313270638744,1197,767,2976.2800000000007
74,1803.4586181640625,15.545950063645261,1193,768.12,2988.3800000000001
75,1785.413330078125,15.372619538890442,1181,761.5,2958
76,1754.339599609375,15.037278369044593,1163,752.24000000000001,2898
77,1716.9608154296875,14.613418361715024,1144,741,2822
78,1678.739501953125,14.167588490964178,1126,728,2751
79,1643.3704833984375,13.747550173832931,1107.5,715,2688.0200000000004
80,1612.8682861328125,13.378191518549768,1090,704.5,2630.4000000000005
81,1587.5325927734375,13.066798687719842,1075,696.5,2587.7600000000002
82,1566.91943359375,12.812471421839854,1065,690.12,2550.6400000000003
83,1550.2491455078125,12.608450789355663,1056,683,2520.2800000000007
84,1536.781494140625,12.445991959246081,1048,678,2500.4000000000005
85,1525.87353515625,12.314554609282338,1041.5,673,2473.6400000000003
86,1516.7200927734375,12.205868452220853,1036,669,2450.3800000000001
87,1508.6971435546875,12.11221944520055,1031,666.5,2437.1600000000008
88,1501.523681640625,12.027054347932946,1027,664,2426.5200000000004
89,1495.2177734375,11.945470512385665,1023,662,2410.0400000000009
90,1489.57568359375,11.865243251629616,1021.5,660,2400.3800000000001
91,1483.353271484375,11.78987720647625,1019.5,657,2388.5200000000004
92,1475.8262939453125,11.720954889010649,1014.5,652,2377.7600000000002
93,1467.711669921875,11.650591480002349,1009.5,647,2369
94,1459.5823974609375,11.57269959175715,1004,643,2357.5200000000004
95,1451.2218017578125,11.488153759552473,999,640,2345.7600000000002
96,1442.535400390625,11.400208284879163,995,638,2332.5
97,1433.4912109375,11.309745742073096,990,634,2315
98,1424.38916015625,11.218365495988934,984,630,2296.2800000000007
99,1415.111328125,11.126202532886628,978,626,2279.2600000000002
100,1405.844482421875,11.03378565049154,973,622.5,2270.1600000000008
101,1396.6766357421875,10.942323618468908,967,618.5,2254.9000000000005
102,1387.5577392578125,10.85283954932896,959,614.62,2238
103,1378.4639892578125,10.765859297489889,953,609.12,2224.3800000000001
104,1369.16064453125,10.681582242498118,947,605,2207
105,1359.373291015625,10.599282614169237,942,599,2193
106,1349.1044921875,10.517409835365317,934,593.12,2176.8800000000001
107,1338.4288330078125,10.435049444946911,926.5,587,2159.8800000000001
108,1327.4102783203125,10.352311774832172,918,582,2140
109,1315.9698486328125,10.269065802674206,910,576.12,2129.3800000000001
110,1304.1656494140625,10.185173654207775,900,570,2108.7600000000002
111,1292.1875,10.099617328355272,892,563,2087.1400000000003
112,1280.1102294921875,10.013537346482853,883.5,555.12,2065.7600000000002
113,1267.9727783203125,9.9282058583288482,874,548.5,2054.3800000000001
114,1255.7823486328125,9.8454546314479128,866,542,2030
115,1243.6092529296875,9.7646556594185068,858,535.5,2011.6600000000008
116,1231.6448974609375,9.6847715175838722,849,529,1992.3800000000001
117,1219.93896484375,9.6048731243107497,840,522,1977.2800000000007
118,1208.34326171875,9.52430337290639,831.5,515,1955.3800000000001
119,1196.8414306640625,9.4428843918478371,823,508.5,1938.2600000000002
120,1185.5098876953125,9.3618518229968917,816,503,1921
121,1174.34521484375,9.2806941674527366,808,497,1906.3800000000001
122,1163.2261962890625,9.2006249372245748,799.5,492,1892.8800000000001
123,1152.131591796875,9.121902873920277,791,487,1875.9000000000005
124,1141.1539306640625,9.0432191591100022,782.5,482,1862
125,1130.20849609375,8.9648381086743782,774.5,477.5,1846.7600000000002
126,1119.2550048828125,8.8861864924197231,767,472,1827.8800000000001
127,1108.3642578125,8.8075319603709463,759,467.62,1812.8800000000001
128,1097.51904296875,8.729913813688805,750.5,463,1796.3800000000001
129,1086.7899169921875,8.6533586328226964,741.5,458.12,1781.7600000000002
130,1076.1639404296875,8.5782738938855108,732,454,1761.8800000000001
131,1065.59716796875,8.5029812023499396,723.5,449.5,1745.7600000000002
132,1054.99658203125,8.4269671967314341,714.5,445,1727.8800000000001
133,1044.45556640625,8.351681435933525,707,440,1712.9000000000005
134,1034.0439453125,8.2778165771736223,700,435,1699.3800000000001
135,1023.691162109375,8.2046539372840535,692,430.5,1684
136,1013.341064453125,8.1316988162793091,683.5,426,1668.7600000000002
137,1003.1571044921875,8.0593210420708878,675.5,421,1655
138,993.2330322265625,7.9890674160328459,668,415.5,1643.2600000000002
139,983.41314697265625,7.9190804029131421,661,412,1627
140,973.7091064453125,7.8485125247812073,653.5,407.5,1612
141,964.059814453125,7.7776006561400282,646,404,1599
142,954.4970703125,7.7060421408225963,639,399,1594.9000000000005
143,945.00885009765625,7.6350714061114413,632,395,1586
144,935.54803466796875,7.5642495719898992,626,391,1570.7600000000002
145,926.1466064453125,7.4935004927481703,619,387,1567.3800000000001
146,916.80517578125,7.4233127524190676,612,383,1563.6400000000003
147,907.42669677734375,7.3544835833862452,605,378.5,1546
148,898.09735107421875,7.2859689979940914,597,375,1532.5200000000004
149,888.869384765625,7.2195002089512981,589,371,1519.7600000000002
150,879.7794189453125,7.1529343224919915,582,367,1503.8800000000001
151,870.75738525390625,7.0878704660397096,575,364,1493.3800000000001
152,861.837646484375,7.0239476558685192,568,360,1486.3800000000001
153,853.03619384765625,6.9619821085748548,562,356,1479.8800000000001
154,844.23968505859375,6.8990602312613101,554.5,351,1469
155,835.4964599609375,6.8350476764409125,548,347,1447.8800000000001
156,826.94293212890625,6.772955800577761,542,342,1437.6400000000003
157,818.46429443359375,6.7112573871336769,534,338,1426.7600000000002
158,810.0848388671875,6.6499554933878571,527,335,1411.7600000000002
159,801.79827880859375,6.5897835109636524,522,331.5,1398.7600000000002
160,793.6021728515625,6.5308980585753815,515,327,1383.7600000000002
161,785.47265625,6.4733634890526845,508.5,323,1369.3800000000001
162,777.34259033203125,6.4152029109698168,502.5,320,1360
163,769.37396240234375,6.357484050565807,497,316.5,1344.3800000000001
164,761.4698486328125,6.301075150025599,492,313,1331.7600000000002
165,753.56292724609375,6.2454036677082465,486,309,1317.3800000000001
166,745.7646484375,6.1903392309855603,480,304.5,1312.8800000000001
167,738.0279541015625,6.1360313983659944,474,300.12,1298.1400000000003
168,730.32904052734375,6.0818308062280328,469.5,297,1287.3800000000001
169,722.69281005859375,6.0276497090758134,465,293.12,1273.2600000000002
170,715.18646240234375,5.9742803861127634,460,290,1261.6400000000003
171,707.85211181640625,5.9236925299030734,455,286,1248.5
172,700.575927734375,5.8748074429302664,450.5,283,1236.3800000000001
173,693.35333251953125,5.8252996889576982,446,279,1226
174,686.160888671875,5.7750174299730954,442,275.5,1215.2600000000002
175,678.85400390625,5.7230140127051001,437,272,1204.2600000000002
176,671.61468505859375,5.6705288160125669,432,268.5,1192.0200000000004
177,664.532470703125,5.6190147676073368,427.5,265,1185.7600000000002
178,657.50640869140625,5.5683161092038516,422,261,1171.3800000000001
179,650.47308349609375,5.5168073730832203,418,258,1155.8800000000001
180,643.414306640625,5.4641508113135648,413,255,1146.5200000000004
181,636.48260498046875,5.412563441132499,409,252,1134
182,629.87127685546875,5.3651564718727984,404.5,249,1123
183,623.4090576171875,5.3196045093686699,400,245.5,1112
184,616.94830322265625,5.2724225101758355,396,243,1096.8800000000001
185,610.46539306640625,5.2238979871573283,392,240,1082.8800000000001
186,604.15008544921875,5.1771432173770924,388,236,1072.3800000000001
187,597.98028564453125,5.1327715012196498,384,233.12,1062.8800000000001
188,591.798583984375,5.0887391715832333,380,230.62,1052.8800000000001
189,585.54632568359375,5.0439852994259482,375.5,228,1040
190,579.3524169921875,5.0006684795706926,370,225,1031.7600000000002
191,573.2242431640625,4.9577443036816256,366,221.5,1020.5
192,567.14373779296875,4.9148333780805542,362,219,1012
193,561.13226318359375,4.8725184704050699,358,216,1000.8800000000001
194,555.2889404296875,4.8313982017448511,354,213,990.88000000000011
195,549.55316162109375,4.7925485388887417,350,211,984.88000000000011
196,544.01416015625,4.7563128632835685,345.5,209,974
197,538.539794921875,4.7192423877763305,341,206,963
198,533.07470703125,4.6813920764005275,338,204,950.88000000000011
199,527.65966796875,4.6436253532340519,334,201,941
200,522.1778564453125,4.6052872750427305,330,199,931.76000000000022
201,516.771240234375,4.5664839570175255,326.5,196,924.76000000000022
202,511.44595336914062,4.52833534527994,323,194,918
203,506.22506713867188,4.4914796938006081,319.5,191,907.5
204,501.02114868164062,4.4563865634791346,316,188,898.76000000000022
205,495.81881713867188,4.4212473735234079,312.5,185,888.76000000000022
206,490.67694091796875,4.3865446649826367,310,183,881.76000000000022
207,485.65032958984375,4.353098799729735,305,180,872.88000000000011
208,480.6246337890625,4.3204551339643551,302,178,861.38000000000011
209,475.49298095703125,4.2865250068081853,299,175.5,851.76000000000022
210,470.40142822265625,4.2504751325367449,295,173,840.88000000000011
211,465.50970458984375,4.2174573896202858,291,171,836.38000000000011
212,460.80267333984375,4.1871385744577454,287,169,827
213,456.04281616210938,4.1553302945094233,283,167,817.76000000000022
214,451.25247192382812,4.1212773985223485,280,165,805.5
215,446.45257568359375,4.0859535447503035,276,163,795.52000000000044
216,441.65408325195312,4.0495495925029434,273.5,160.5,787.5
217,436.96514892578125,4.0140764690096384,270.5,159,779.26000000000022
218,432.38082885742188,3.9809254245054171,267,157,774.76000000000022
219,427.836181640625,3.9498488341304796,264,154.5,764.88000000000011
220,423.29412841796875,3.9182502015755531,260,153,755.88000000000011
221,418.83413696289062,3.8865233492783,257,151,747.38000000000011
222,414.45928955078125,3.8535961362468227,254,148.5,737
223,410.09127807617188,3.8208417034547248,251,147,727.5
224,405.72744750976562,3.7888950772097596,248,145,720.38000000000011
225,401.38540649414062,3.7582184460747596,245,143,708.88000000000011
226,397.06179809570312,3.7264982829639384,242,141,703.38000000000011
227,392.71392822265625,3.6940842676314523,239.5,139,693.76000000000022
228,388.43545532226562,3.6611459011969822,237,137.5,685.64000000000033
229,384.20404052734375,3.6275746963679261,234.5,135.5,679
230,380.03707885742188,3.594503164314625,231,134,671.76000000000022
231,375.95718383789062,3.5626816145988274,228,132,664
232,371.90335083007812,3.5322632812488757,225,130,656.38000000000011
233,367.8291015625,3.5007745166794026,223,128,650
234,363.80752563476562,3.4686580897622119,220,126,641.76000000000022
235,359.85641479492188,3.4368417643223048,218,124.5,633.88000000000011
236,355.98800659179688,3.4067941001656301,215.5,122.12,625.88000000000011
237,352.14938354492188,3.3770990877983103,213,121,619.5
238,348.260009765625,3.3470681838084242,210.5,119.5,611.88000000000011
239,344.36032104492188,3.3170431044427957,208,117.5,603
240,340.54849243164062,3.2870334554987464,206,116,596.5
241,336.815673828125,3.2573366491369393,203.5,114,591.14000000000033
242,333.13864135742188,3.2290719053753185,201,112,584
243,329.51885986328125,3.2011092790766003,198,110.5,576.38000000000011
244,325.98190307617188,3.1738851656434464,196,109,570
245,322.52377319335938,3.1464816856328199,193,107,562.38000000000011
246,319.032958984375,3.1193177121671454,191,106,555
247,315.57339477539062,3.0917334650589345,189,105,546.76000000000022
248,312.15200805664062,3.0645628551949118,186.5,104,538.76000000000022
249,308.7645263671875,3.0368839209066434,184.5,102,532.88000000000011
250,305.41082763671875,3.0090640849555017,183,101,524
251,302.06771850585938,2.9814575173156572,181,100,519
252,298.7484130859375,2.954010249425103,179,98.5,514.38000000000011
253,295.4403076171875,2.9266953098876032,177,98,508.38000000000011
254,292.1500244140625,2.8993183224941519,175,96,503
255,288.94357299804688,2.8720182416832984,173,95,496.38000000000011
256,285.79165649414062,2.8455891188910871,171,93.5,492.38000000000011
257,282.71185302734375,2.8199897234127902,169,92,486.76000000000022
258,279.68679809570312,2.7955620959833261,166,91,484
259,276.63223266601562,2.7705114982920214,165,89.5,478.88000000000011
260,273.5560302734375,2.7455807846290941,162.5,88.5,476.38000000000011
261,270.52923583984375,2.7206163614822807,161,87,471
262,267.46664428710938,2.6955592070231758,158.5,86,466.76000000000022
263,264.40115356445312,2.6707721860529534,157,85,461
264,261.37277221679688,2.6459637069766595,154.5,83.5,457
265,258.41326904296875,2.620947155406566,153,81.5,453
266,255.43341064453125,2.5955825717116876,150.5,80,449
267,252.447021484375,2.5710791662745889,148.5,79,443
268,249.49905395507812,2.5481038749295633,147,78,436.88000000000011
269,246.62919616699219,2.525234180327057,145,77,433
270,243.81549072265625,2.5022695396727959,143,75.5,430
271,241.03816223144531,2.4779333303504063,141,75,425
272,238.27827453613281,2.454109664422444,139.5,74,419.38000000000011
273,235.56855773925781,2.4306439639435227,138,73,415
274,232.9034423828125,2.4075051398919207,136,72,411.38000000000011
275,230.29440307617188,2.3851757795771276,134,71,407
276,227.68338012695312,2.363050948568779,133,70,404.76000000000022
277,225.05302429199219,2.340915551362198,131,69,399
278,222.52117919921875,2.3189398287919603,129,68,396
279,219.99354553222656,2.2978550965544366,127.5,67,391
280,217.47433471679688,2.2766430578217447,126,66,388.88000000000011
281,215.01129150390625,2.2550519217235743,124.5,65,383
282,212.57984924316406,2.2343784078993782,123,64,378.38000000000011
283,210.16319274902344,2.2132705307341949,122,63,375
284,207.80303955078125,2.1930725882636386,120,62,371.5
285,205.53041076660156,2.1734945600250173,118.5,61,367.38000000000011
286,203.23403930664062,2.1536797557374356,117,60,363
287,200.99838256835938,2.1339241666087236,116,59,359.38000000000011
288,198.75279235839844,2.114429316271365,114.5,58,355.5
289,196.52583312988281,2.0951127770265363,113,57,352.38000000000011
290,194.36399841308594,2.0761832175494694,112,56,351
291,192.29350280761719,2.057822118227886,110.5,55.5,347.88000000000011
292,190.24800109863281,2.0392730811417454,109.5,55,344.5
293,188.14724731445312,2.0208069592509625,108,54,341.5
294,186.02920532226562,2.0021055857362082,106.5,53,339
295,183.94868469238281,1.9832112939905413,105.5,52.5,335.5
296,181.90873718261719,1.964449278628063,104,52,331.76000000000022
297,179.87712097167969,1.9458749274623905,103,51,328
298,177.87388610839844,1.9279325974848955,102,50,327
299,175.91563415527344,1.9102870111465526,101,49.5,323.5
300,173.92771911621094,1.8923537444442882,100,49,318
301,171.98252868652344,1.8745297326227222,99,48,314
302,170.04872131347656,1.8570116442069711,97,47.5,311
303,168.16400146484375,1.8391102792588119,96,46,307.88000000000011
304,166.27980041503906,1.8213985423164929,95,45,306.76000000000022
305,164.42579650878906,1.8039462922948803,94,45,303.88000000000011
306,162.52243041992188,1.7866840886219173,92.5,44,300
307,160.63287353515625,1.7694134643679218,91.5,43,297.88000000000011
308,158.80152893066406,1.7523953910952486,91,43,294.76000000000022
309,156.96900939941406,1.7359133835562834,90,42,292
310,155.19937133789062,1.7198636324158036,89,41,288
311,153.41334533691406,1.7044242430945233,87.5,41,286
312,151.67747497558594,1.6889070228860503,86.5,40,284.5
313,149.96014404296875,1.673137973031424,85.5,39.5,282
314,148.22454833984375,1.6573596349978332,84.5,39,277.88000000000011
315,146.58200073242188,1.6423986431614819,83,38,274
316,144.95780944824219,1.6282755162028566,82,37.5,272
317,143.33918762207031,1.6138308748372987,81,37,269
318,141.7127685546875,1.5991275881552607,80.5,37,265
319,140.05364990234375,1.5841483250411803,79.5,36,263.76000000000022
320,138.37617492675781,1.5702992948559868,78.5,35,260.5
321,136.748046875,1.5564720857349388,77,35,258.76000000000022
322,135.14743041992188,1.5425712529301308,76,34,256
323,133.62086486816406,1.5285380877338592,75.5,33.5,253.88000000000011
324,132.10371398925781,1.5137533681459572,74.5,33,253
325,130.59318542480469,1.4995821301734999,74,32.5,250
326,129.07550048828125,1.4864296451719612,73,32,245.88000000000011
327,127.55915832519531,1.4739192130576457,72,31,243.76000000000022
328,126.09762573242188,1.461394679578631,71.5,30.5,241
329,124.64459991455078,1.4485788667907136,70.5,30,241
330,123.21710968017578,1.435278735292931,69.5,29,238
331,121.76103973388672,1.4218833325687208,69,29,234
332,120.31069946289062,1.4088156947268242,68,28,233
333,118.94993591308594,1.3962032023074666,67,28,230.76000000000022
334,117.55557250976562,1.3839566055303618,66,27,228
335,116.23027038574219,1.3718278339835335,66,27,225
336,114.91724395751953,1.3596537077245368,65,26,222
337,113.61021423339844,1.3475939775719625,64,25.5,219
338,112.28759765625,1.3357752538248917,63.5,25,217
339,110.96381378173828,1.3239185090731127,62.5,25,214
340,109.6905517578125,1.3127395488504883,62,24,212.5
341,108.45705413818359,1.3020385761271396,61,24,209
342,107.27317810058594,1.2915386832143143,60,23,207
343,106.10756683349609,1.2812508170019632,59,23,205
344,104.88795471191406,1.2708992134442201,58.5,22.5,204
345,103.68965148925781,1.2607450894208854,58,22,202
346,102.47612762451172,1.2500235388740282,57,21,200
347,101.34008026123047,1.2393942529494542,57,21,198
348,100.20653533935547,1.2289828813042143,56,21,196
349,99.054634094238281,1.2184454729308476,55.5,20.5,193
350,97.8570556640625,1.2082168388060153,55,20,191
351,96.678726196289062,1.1980853762793295,54,20,189.88000000000011
352,95.533271789550781,1.1882893868988111,53.5,19,187.5
353,94.352798461914062,1.1781847129921061,53,18.620000000000005,185
354,93.243263244628906,1.1685022897103097,52,18,183
355,92.103897094726562,1.158973447749688,51.5,18,181.38000000000011
356,91.016029357910156,1.149133536857061,51,17.5,179
357,90.02337646484375,1.139616123413032,50,17,175.5
358,89.017372131347656,1.1304620339441407,49,17,173.88000000000011
359,88.022125244140625,1.1214360727456567,49,16,171.5
360,87.062515258789062,1.1136073739903782,48.5,16,168.5
361,86.198028564453125,1.105231181594271,48,15,166
362,85.277923583984375,1.0973493756800961,47.5,15,165
363,84.364173889160156,1.0891219773138956,47,15,163.5
364,83.445053100585938,1.0806648976728503,46,15,162
365,82.465827941894531,1.0724752944671496,46,14,159.5
366,81.445411682128906,1.063895051191081,45,14,159
367,80.480964660644531,1.0557109239959341,44,13.5,157.88000000000011
368,79.5489501953125,1.0476948099254315,44,13,156
369,78.680068969726562,1.0397999286114366,43.5,13,154.38000000000011
370,77.8116455078125,1.0323712461588259,43,13,154
371,76.891891479492188,1.0244905629042342,42.5,12,152
372,75.959068298339844,1.0163845950756409,42,12,149
373,75.05078125,1.008227089316913,41.5,11.5,148
374,74.168380737304688,1.0003432389053257,41,11.5,147
375,73.28875732421875,0.99301991206288553,40.5,11,146
376,72.405014038085938,0.98556209747161883,40,10.5,145
377,71.505416870117188,0.97793661958986067,39,10,143
378,70.6754150390625,0.97108297846293445,38.5,10,142
379,69.884910583496094,0.96463124574754144,38,10,140
380,69.117240905761719,0.95773553174992787,38,9.5,138
381,68.323692321777344,0.95078279610137195,38,9,136
382,67.58746337890625,0.94394746215445224,37,9,134
383,66.826866149902344,0.93723686147362339,37,9,133
384,66.078460693359375,0.93049262811696309,36.5,8,132.38000000000011
385,65.358711242675781,0.92469352169277064,36,8,130
386,64.617912292480469,0.91898239585136177,35.5,8,129
387,63.885356903076172,0.913624888749766,35,8,128
388,63.116165161132812,0.90767616697535869,35,7.5,127
389,62.422660827636719,0.90144236208716633,34,7,125
390,61.68768310546875,0.89493731190652037,34,7,124
391,61.029647827148438,0.88889664354345699,34,7,123
392,60.365158081054688,0.88269375883681445,33,6.5,121.5
393,59.70013427734375,0.87619129302003662,33,6,119
394,58.968112945556641,0.8702420487316932,32.5,6,118
395,58.269950866699219,0.86439323330170215,32,6,116
396,57.621852874755859,0.85833163200746887,32,6,116
397,56.992744445800781,0.8529935589562766,32,5.5,115.38000000000011
398,56.337661743164062,0.84797675784708171,31,5,113
399,55.700759887695312,0.84303928160980812,31,5,111
400,55.089656829833984,0.83833528580877403,30,5,109.38000000000011
401,54.488224029541016,0.83375111335730068,30,4.5,108
402,53.863410949707031,0.82887520196218356,30,4,107.5
403,53.242183685302734,0.82389108197226513,29.5,4,107
404,52.633678436279297,0.81871414885327032,29,4,106
405,52.075592041015625,0.81385007487321548,29,3.5,105
406,51.479446411132812,0.80900079105376821,28.5,3.5,104
407,50.844871520996094,0.80351600567769699,28,3,104
408,50.206897735595703,0.79833562921656631,28,3,102
409,49.603672027587891,0.79331329481826429,27.5,3,101
410,49.013256072998047,0.78860334586343794,27,3,101
411,48.395072937011719,0.78366882760078693,27,2.5,99
412,47.805641174316406,0.77863700618923104,26.5,2,98
413,47.263233184814453,0.77387617344219906,26.5,2.5,97
414,46.684101104736328,0.76939608425474315,26,2,96
415,46.1046142578125,0.76480993422291588,26,2,95
416,45.563545227050781,0.75960941981408237,25.5,2,94.380000000000109
417,44.998027801513672,0.75428209632403831,25,1,93
418,44.530857086181641,0.74965627550434832,25,1.1200000000000045,92
419,44.084640502929688,0.74594240461320926,25,1,91
420,43.575279235839844,0.74241523562863965,24,1,90
421,43.125480651855469,0.73942679745571649,24,1,89.880000000000109
422,42.688041687011719,0.73621430578585434,24,0.5,89
423,42.221942901611328,0.73275813535113488,23.5,0.5,88
424,41.750202178955078,0.7287559735997059,23,0.5,87.380000000000109
425,41.331035614013672,0.72420823572899451,23,0.5,86
426,40.941513061523438,0.72017918682837423,23,0,86
427,40.514194488525391,0.71616839821875578,23,0,85
428,40.073352813720703,0.71200598141851057,22.5,0,83.5
429,39.605998992919922,0.70813516747965521,22,0,83
430,39.170444488525391,0.70466012288588087,22,0,82.880000000000109
431,38.716346740722656,0.70099392935716398,22,-0.5,82
432,38.263412475585938,0.69788505930529487,21.5,-0.5,81
433,37.809852600097656,0.69413450365730767,21,-1,79.5
434,37.353782653808594,0.69032411944425209,21,-1,78
435,36.965785980224609,0.68667588309370797,21,-1,78.5
436,36.532646179199219,0.68244424756876365,21,-1,78
437,36.018718719482422,0.67848580166792605,20.5,-1,77
438,35.519210815429688,0.67463908356959512,20,-1.5,76
439,35.032512664794922,0.67074953628097778,20,-2,75
440,34.595252990722656,0.6672431868764187,19.5,-2,74
441,34.201431274414062,0.66410636320068428,19,-2,74
442,33.783073425292969,0.66095213153210297,19,-2,73.5
443,33.339183807373047,0.65806738361732198,19,-2,73
444,32.943485260009766,0.65527311010892808,18.5,-2,72
445,32.546348571777344,0.65266821056929814,18.5,-2,71
446,32.132198333740234,0.65016173959243106,18,-2,70
447,31.638065338134766,0.64767825155759728,18,-2,69
448,31.215583801269531,0.64492085618845041,18,-2.5,69
449,30.774114608764648,0.64217118248234883,17.5,-3,68
450,30.382265090942383,0.63937004657397378,17,-3,67
451,29.974025726318359,0.63646007250546655,17,-3,66
452,29.589879989624023,0.63353823689522848,17,-3,66
453,29.215673446655273,0.63079605375413628,17,-3,64.5
454,28.896461486816406,0.62800197746370823,16.5,-3,64
455,28.543304443359375,0.62507111653032899,16,-3,63
456,28.169099807739258,0.62251809725564822,16,-3.5,63
457,27.828392028808594,0.61994995781104956,16,-3.5,63
458,27.527631759643555,0.61722777183746746,16,-4,62
459,27.243528366088867,0.61444913927019928,16,-4,61.380000000000109
460,26.936677932739258,0.61168118658591863,16,-4,61
461,26.660993576049805,0.60925747927522445,15,-4,60.5
462,26.345096588134766,0.60666569758651578,15,-4,60
463,25.988803863525391,0.60450696886580291,15,-4,60.5
464,25.603313446044922,0.60259908910818438,15,-4,59
465,25.266635894775391,0.6003135435936412,14.5,-4,59
466,24.951187133789062,0.59795920588933704,14,-4,58
467,24.680339813232422,0.59534535351762397,14,-4.5,57
468,24.328617095947266,0.59250219291413253,14,-5,57
469,23.988893508911133,0.58965414087506762,14,-5,56
470,23.660367965698242,0.58728806964914149,14,-5,55.5
471,23.388626098632812,0.5853675229430314,14,-5,55
472,23.104433059692383,0.5835461595835324,13.5,-5,55
473,22.847738265991211,0.5818779449213185,13.5,-5,54.880000000000109
474,22.577072143554688,0.58039329338377355,13.5,-5,53
475,22.290550231933594,0.57905749780146731,13,-5,53
476,22.022838592529297,0.57794512830897327,13,-5,53
477,21.82731819152832,0.57669778951438944,13,-5.5,52
478,21.590147018432617,0.57513174531981492,13,-5.5,52.5
479,21.382802963256836,0.57322759877996654,13,-5.5,52
480,21.058307647705078,0.57139799733585583,13,-5.5,51.880000000000109
481,20.750022888183594,0.56941333899034552,12.5,-6,51.5
482,20.487415313720703,0.56794203023521406,12,-6,51
483,20.288311004638672,0.56624300869579913,12,-6,50
484,20.03376579284668,0.5640169780910631,12,-6,49.5
485,19.770263671875,0.56181374470679535,12,-6,49
486,19.486789703369141,0.55930489364816394,12,-6,48.5
487,19.218809127807617,0.55690016787222962,11.5,-6,48
488,18.987909317016602,0.55463689837487795,12,-6,48
489,18.736587524414062,0.55242568105873036,12,-6,47
490,18.539543151855469,0.55123512266082009,12,-6,47
491,18.358442306518555,0.55018478584848851,12,-6,46.5
492,18.137125015258789,0.54918288405231686,11,-6,46
493,17.904165267944336,0.54771495878913035,11,-6,46
494,17.674877166748047,0.54642023729179146,11,-6,45.5
495,17.450782775878906,0.54555973669935554,11,-6,45
496,17.256336212158203,0.54450358283365097,11,-6,45
497,17.072189331054688,0.54329669053101703,11,-6,44
498,16.825614929199219,0.54196107143467198,10.5,-6.5,44.5
499,16.604120254516602,0.54030352336788179,10.5,-6.5,44
500,16.372503280639648,0.53819258206601628,10,-6,44
501,16.136856079101562,0.53600914095353291,10,-6.5,43
502,15.93918514251709,0.53397791319419818,10,-6.5,42.5
503,15.719301223754883,0.53153019827356651,10,-7,42
504,15.524227142333984,0.52991992150637801,10,-7,42
505,15.306673049926758,0.52817393181730721,10,-7,42
506,15.088400840759277,0.52622511753586754,10,-7,41.5
507,14.859381675720215,0.52471485590493505,10,-7,41.5
508,14.642364501953125,0.52331364184411311,10,-7,41
509,14.497089385986328,0.52230226394497636,10,-7,40
510,14.313748359680176,0.52150524595632597,9.5,-7,40
511,14.116793632507324,0.52091803810686532,9.5,-7,39.5
512,13.937751770019531,0.5205065738144331,9,-7,39.5
513,13.763188362121582,0.5202006776597986,9,-7,39.5
514,13.629646301269531,0.51967366589423036,9,-7,39.5
515,13.473533630371094,0.51884366535104254,9,-7,39
516,13.28105640411377,0.51810179672155909,9,-7,38.5
517,13.124943733215332,0.51729055927022016,9,-7,38
518,12.977250099182129,0.51588909167403507,9,-7,38
519,12.761038780212402,0.51454230852210014,9,-7.5,37.5
520,12.575459480285645,0.51371029835637827,9,-7,37
521,12.380922317504883,0.51267736323028923,8.5,-7,37
522,12.21486759185791,0.51184103919353341,8,-7.5,36.5
523,12.045588493347168,0.5111337857131808,8,-7.5,36
524,11.879892349243164,0.50983763000060334,8,-7,36
525,11.70120906829834,0.50858497725786456,8,-7,36
526,11.51948070526123,0.50752324734060461,8,-7.5,35
527,11.377608299255371,0.50673299575935304,8,-7.5,35
528,11.235198974609375,0.50586899355264336,8,-7.5,35
529,11.049350738525391,0.50512418874303522,8,-8,34.5
530,10.898791313171387,0.50406048555737393,8,-8,34.5
531,10.771339416503906,0.50294851348750391,8,-8,34
532,10.633317947387695,0.50193633443958685,8,-7.5,34
533,10.487863540649414,0.50127052869946864,8,-7.5,33.5
534,10.283027648925781,0.50084125739643248,8,-7.5,33
535,10.113300323486328,0.49985288726546107,7.5,-8,33
536,9.9586210250854492,0.49902231757830806,7.5,-8,33
537,9.7773399353027344,0.49836494018061051,7.5,-8,33
538,9.5522613525390625,0.49739978148035163,7,-8,32
539,9.3909540176391602,0.49667797692683541,7,-8,32
540,9.265472412109375,0.49589761118031755,7,-8,32
541,9.1584415435791016,0.49474268646234493,7,-8,32
542,9.0336771011352539,0.49338842067446004,7,-8,32
543,8.9166145324707031,0.49184120367456252,7,-8,31.5
544,8.7958803176879883,0.49071470234988795,7,-8,31.5
545,8.6667261123657227,0.48957746996177443,7,-8,31.5
546,8.5680246353149414,0.48922584778570016,7,-8,31
547,8.4375276565551758,0.48883857699342892,7,-8,30.5
548,8.3574562072753906,0.48833471919156873,7,-8,30.880000000000109
549,8.2489032745361328,0.48782744809774248,7,-8,31
550,8.1296014785766602,0.48697542929686161,6.5,-8,30
551,8.0419168472290039,0.48605913170742154,6,-8,30
552,7.983698844909668,0.48525961484568925,6,-8,30
553,7.8618898391723633,0.48467765733642704,6,-8,30
554,7.6910881996154785,0.48434373697038724,6,-8,29.5
555,7.555396556854248,0.48429596727227942,6,-8,29
556,7.4630541801452637,0.48365375211267164,6,-8,29
557,7.4006271362304688,0.48298654809464009,6,-8,29
558,7.3442902565002441,0.48279149606252503,6,-8,29
559,7.2587552070617676,0.48299723244856468,6,-8,29
560,7.1474251747131348,0.48315663887884736,6,-8,29
561,7.0130767822265625,0.4832655602966735,6,-8,28.5
562,6.8780117034912109,0.48307793000643595,6,-8,28
563,6.7452754974365234,0.48199902062705596,6,-8,28
564,6.6083297729492188,0.48087108667361383,6,-8,28
565,6.5139274597167969,0.47995549576378715,6,-8,27
566,6.4367218017578125,0.47894661741703198,6,-8,27
567,6.3834304809570312,0.47811446241656391,6,-8.3799999999999955,27
568,6.2977161407470703,0.47791651801267265,6,-8.5,27
569,6.1934618949890137,0.47788747360830497,6,-8.5,27
570,6.1260190010070801,0.47803116101517462,6,-8.5,27
571,6.0812358856201172,0.47791107842872477,6,-9,26.5
572,5.991849422454834,0.47775191019390773,6,-8.5,26.5
573,5.9321093559265137,0.47733208838010166,6,-8.5,26
574,5.854097843170166,0.47696571249704073,6,-8.5,26
575,5.7518138885498047,0.47647223452349169,5.5,-9,26
576,5.6308107376098633,0.47626838626212625,5.5,-8.5,26
577,5.5190324783325195,0.47572206922378057,5.5,-8.5,26
578,5.3992834091186523,0.47503699347352696,5.5,-8.5,25.5
579,5.3555755615234375,0.47468996927497531,5.5,-8.5,25.5
580,5.290013313293457,0.47489760769256767,5,-9,25.5
581,5.2453203201293945,0.4748653156442092,5,-9,25
582,5.1837887763977051,0.47450548902143302,5.5,-9,25
583,5.1205554008483887,0.47423983002490611,5,-9,25
584,5.0400357246398926,0.47433497330428376,5,-9,25
585,4.9443798065185547,0.4744504568376734,5,-9,25
586,4.8627853393554688,0.47408215472844928,5,-9,25
587,4.7997312545776367,0.47328275306146766,5,-9,25
588,4.711151123046875,0.47221750344110258,5,-9,24.5
589,4.6092252731323242,0.47146142470399083,5,-9,24.5
590,4.5188536643981934,0.47078855723765034,5,-9,24
591,4.4712047576904297,0.47035625571077183,5,-9,24
592,4.4462156295776367,0.46957797181182764,5,-9,24
593,4.3528885841369629,0.46842020661575318,5,-9,24
594,4.1866545677185059,0.46708200173182612,5,-9,24
595,4.0703983306884766,0.46651683309151759,5,-9,24
596,3.9970443248748779,0.46598646015306827,5,-9,24
597,3.9444692134857178,0.46524613949381388,5,-9,23.5
598,3.8435289859771729,0.46485474303730018,5,-9,23.5
599,3.7794895172119141,0.4648018724315347,5,-9,23
600,3.7076578140258789,0.4649744859552587,5,-9,23
601,3.6549932956695557,0.46502527268712263,5,-9,23
602,3.6008956432342529,0.46504896418026637,4.5,-8.5,23
603,3.5590684413909912,0.46495948757847877,4.5,-9,23
604,3.4999551773071289,0.46476370914912468,4.5,-9,23
605,3.446305513381958,0.46475328982147529,5,-9,23
606,3.3497536182403564,0.46449685778498107,4.5,-9,22
607,3.250873327255249,0.46410474315750877,4.5,-9,22
608,3.1422302722930908,0.46328354914524433,4,-9,22
609,3.0952081680297852,0.46262606975345844,4,-9,22
610,3.0603671073913574,0.46255195861685283,4,-9,22
611,2.9875504970550537,0.46211468837310987,4,-9,22
612,2.8895657062530518,0.46136070289803444,4,-9,22
613,2.8269591331481934,0.46049431211284669,4,-9,22
614,2.7284371852874756,0.45963223227971262,4,-9,22
615,2.685535192489624,0.45884105056673019,4,-9,22
616,2.6798925399780273,0.45815271975540772,4,-9,22
617,2.6054635047912598,0.45838351040572239,4,-9,22
618,2.530318021774292,0.45807610313485325,4,-9,21.5
619,2.4467532634735107,0.45767680929302479,4,-9,21.5
620,2.3837885856628418,0.45697324056757638,4,-9,21
621,2.3583519458770752,0.45716378897859339,4,-9,21
622,2.3433048725128174,0.45735282055778848,4,-9,21
623,2.2887594699859619,0.45782095077838952,4,-9,21
624,2.2154948711395264,0.45793246222389855,4,-9,21
625,2.1267354488372803,0.45774764003600116,4,-9,21
626,2.1256606578826904,0.45715974801822623,4,-9,21
627,2.109717845916748,0.45669940573698681,4,-9,21
628,2.0870578289031982,0.45609498054651115,4,-9,21
629,2.0382444858551025,0.45594271611898801,4,-9,20.5
630,1.9965964555740356,0.4559122143977859,4,-9,20.5
631,1.88625168800354,0.45546195302780113,4,-9,20
632,1.8590236902236938,0.45499015691838723,4,-9,20.5
633,1.8019704818725586,0.45460890155996175,4,-9,20
634,1.6960142850875854,0.45423307580343131,4,-9,20.5
635,1.6016122102737427,0.45345335455125196,4,-9,20
636,1.5649797916412354,0.45245842432220462,4,-9,20
637,1.5558441877365112,0.45181863414814899,4,-9,20
638,1.5254814624786377,0.45104525892895053,4,-9,20
639,1.4784594774246216,0.45035895290858491,4,-9,20
640,1.4777429103851318,0.44970225487520171,4,-9.5,20
641,1.5201075077056885,0.44880562051719514,4,-9,20
642,1.5070308446884155,0.4484308962396325,4,-9,20
643,1.4578593969345093,0.44837220863251853,4,-9,20
644,1.4144200086593628,0.44836271680117423,3.5,-9,20
645,1.3554859161376953,0.44762550002984725,4,-9,20
646,1.3410658836364746,0.44750396803092285,4,-9,20
647,1.3108822107315063,0.44718113243955965,4,-9,20
648,1.2306314706802368,0.44656428624897904,4,-9,20
649,1.1196596622467041,0.44555003737579324,4,-9,19.5
650,1.0658307075500488,0.44491794062330769,4,-9.5,19
651,1.0328705310821533,0.44437624198254905,4,-9,19
652,0.96739810705184937,0.44372336905863324,4,-9,19
653,0.89735782146453857,0.44350434488132245,4,-9.5,19
654,0.88204210996627808,0.44317250027986088,3.5,-9,19
655,0.85678458213806152,0.44262248505778568,3.5,-9,19
656,0.85167938470840454,0.44234016764286233,4,-9,19
657,0.8216748833656311,0.44245146551313946,3.5,-9,19
658,0.86206895112991333,0.44352467880986507,4,-9,19
659,0.84164798259735107,0.44455676307217634,4,-9,19
660,0.75888937711715698,0.44574702614292477,3.5,-9.5,19
661,0.6879534125328064,0.44641784139206325,3,-9,19
662,0.69449174404144287,0.44788631626359721,3.5,-9,18.880000000000109
663,0.69458127021789551,0.44913887676101205,3.5,-9,19
664,0.63555753231048584,0.45006899839465875,3,-9,18
665,0.56847292184829712,0.45003268471906199,3,-9,18
666,0.51867443323135376,0.45004312633135241,3,-9,18
667,0.48428124189376831,0.44970595464138496,3,-9,18
668,0.47613075375556946,0.44990078138757783,3,-9,18
669,0.45436632633209229,0.44986727444156294,3,-9.5,18
670,0.4128078818321228,0.44929425174581389,3.5,-9.5,18
671,0.37089118361473083,0.44903918986345265,3,-9.5,18
672,0.31518137454986572,0.44917627339029281,3.5,-9.5,18
673,0.27962383627891541,0.4491171241780092,3,-9.5,18
674,0.19668607413768768,0.4490538395212712,3,-9.5,18
675,0.18674428761005402,0.44869027077751694,3,-9,17.5
676,0.14509628713130951,0.44842496765279088,3,-9,17
677,0.11768920719623566,0.4482057276526612,3,-9.3799999999999955,17
678,0.080698609352111816,0.44771786669269092,3,-9.5,17
679,0.067711599171161652,0.44737603192342018,3,-9.5,17
680,0.02857142873108387,0.44671158526947025,3,-9,17.5
681,0.018181817606091499,0.44541299878025353,3,-9,17.5
682,-0.013345275074243546,0.44498251175746478,3,-9.5,17
683,-0.045141067355871201,0.44495337761890497,3,-9,17
684,-0.10389610379934311,0.44476740166665546,3,-9.5,17
685,-0.18351992964744568,0.44411761735275501,3,-9.5,17
686,-0.22695924341678619,0.44353842859630022,3,-9.5,17
687,-0.25812807679176331,0.44406236492913925,3,-9.5,17
688,-0.31616657972335815,0.4448629247530359,3,-9,17
689,-0.36184504628181458,0.44530364289231855,3,-9.5,17
690,-0.39301389455795288,0.44559706128292287,3,-9.5,17
691,-0.43170621991157532,0.44601846899958947,3,-9.5,17
692,-0.45212718844413757,0.44585086218531578,3,-10,16.5
693,-0.46842813491821289,0.44642293884780038,3,-10,16.5
694,-0.45454546809196472,0.44708625453953421,3,-10,16.5
695,-0.45311239361763,0.44763889381118754,3,-10,16.5
696,-0.4917151927947998,0.44769342605685852,3,-10,16.5
697,-0.48329600691795349,0.44763394212573787,3,-9.5,16
698,-0.51034480333328247,0.44716910421998857,3,-9.5,16
699,-0.53345274925231934,0.44704177318400634,3,-9.5,16
700,-0.56094938516616821,0.44666490508758216,3,-9.5,16.5
701,-0.62749665975570679,0.44633952386915021,3,-9.5,16
702,-0.66618895530700684,0.44569273038123736,3,-10,16
703,-0.64576804637908936,0.44587795474000869,3,-10,16
704,-0.64272278547286987,0.44655277652681619,3,-9.5,16
705,-0.67639946937561035,0.4469251350439184,3,-10,16
706,-0.69368565082550049,0.44672906418211744,3,-10,16
707,-0.70927006006240845,0.44558125164087242,3,-10,16
708,-0.70335870981216431,0.44447392610816339,3,-9.5,16
709,-0.75476938486099243,0.44453985786796724,3,-10,16
710,-0.75270938873291016,0.44467187791928281,3,-10,16
711,-0.78674429655075073,0.44460423383622222,3,-10,16
712,-0.75611287355422974,0.44448257528374563,3,-10,16
713,-0.75459021329879761,0.44459317540329751,3,-9.5,16
714,-0.73470669984817505,0.44532964913446588,3,-9.5,16
715,-0.78208684921264648,0.44609702785692418,3,-10,16
716,-0.81836092472076416,0.44681358134002375,3,-10,16
717,-0.79435735940933228,0.447199045064334,3,-9.5,16
718,-0.82472008466720581,0.44701196548559446,3,-10,16
719,-0.86636811494827271,0.4465159251764993,3,-9.8799999999999955,16
720,-0.86798030138015747,0.44610131335126291,3,-9.5,16
721,-0.90747874975204468,0.44543344282053837,3,-9.5,16
722,-0.93372142314910889,0.44446707096691318,3,-9.5,16
723,-0.96265113353729248,0.44363469633589508,3,-9.8799999999999955,16
724,-0.96041202545166016,0.44278248999490216,3,-9.5,16
725,-1.0073443651199341,0.44265481417356217,3,-10,16
726,-1.0453201532363892,0.44276788201528772,3,-10,15.5
727,-1.0757725238800049,0.44265834381464858,3,-10,15.5
728,-1.0617107152938843,0.44261775867413966,3,-10,16
729,-1.0790864229202271,0.44299183719776203,3,-10,16
730,-1.0662785768508911,0.44329691599447318,3,-10,15.5
731,-1.0569636821746826,0.44327012872836902,3,-10,15.5
732,-1.057769775390625,0.4430093818565663,3,-10,15.5
733,-1.0177339315414429,0.44317054370498576,3,-9.5,16
734,-1.0327810049057007,0.44338861774857502,3,-10,15.5
735,-1.0230183601379395,0.44381014627511434,3,-9.5,15.5
736,-1.0531123876571655,0.44425060140517064,3,-9.5,15.5
737,-1.1072995662689209,0.44419550860002432,2.5,-10,15.5
738,-1.1165248155593872,0.44416205745875237,2.5,-10,16
739,-1.1294223070144653,0.44455522867141661,3,-10,16
740,-1.1303179264068604,0.44483416349022192,3,-10,15.5
741,-1.1546797752380371,0.44460776722881862,3,-10,15.5
742,-1.1406179666519165,0.44422160427332796,3,-10,15.5
743,-1.1665024757385254,0.4440308411037649,3,-10,15
744,-1.1716972589492798,0.44412495043136402,3,-10,15.5
745,-1.1819077730178833,0.44459802921389335,3,-10,15.5
746,-1.2128974199295044,0.44466574104186163,3,-10,15
747,-1.1906851530075073,0.44465331966106147,3,-10,15
748,-1.2141513824462891,0.44468964641195619,3,-10,15
749,-1.2518584728240967,0.44511687060617494,3,-10,15
750,-1.2593820095062256,0.44522364956978783,2.5,-10,15
751,-1.2562471628189087,0.44580814391012397,2.5,-10,15
752,-1.2615315914154053,0.44623823135207241,2.5,-10,15
753,-1.2417376041412354,0.4461608379708909,3,-10,15
754,-1.2793551683425903,0.44553510589490036,2.5,-10,15
755,-1.3287057876586914,0.44564727453304642,3,-10,15
756,-1.3316614627838135,0.44590543692534768,3,-10,15
757,-1.3186744451522827,0.44616452964708486,3,-10,15
758,-1.3163456916809082,0.44655726658955947,3,-10,15
759,-1.3039857149124146,0.44623055394908284,3,-10,15
760,-1.3046126365661621,0.44651189499859578,2.5,-10,15
761,-1.3570981025695801,0.44646730847726251,2.5,-10,15
762,-1.399641752243042,0.44677321723748781,3,-10,15
763,-1.4576802253723145,0.44681907222830197,2.5,-10,15
764,-1.4755038022994995,0.44683133810798648,2.5,-10,15
765,-1.4676220417022705,0.44735384609467815,2.5,-10,15
766,-1.4717420339584351,0.44767074624479286,2.5,-10,15
767,-1.4961038827896118,0.44713566094109886,2.5,-10,15
768,-1.5249440670013428,0.44710501615537357,3,-10,15
769,-1.5794894695281982,0.44686650234916619,2.5,-10,14.5
770,-1.5999103784561157,0.44643599178511983,2.5,-10,14.5
771,-1.5987460613250732,0.44608278919192573,2.5,-10,15
772,-1.6139721870422363,0.44559792338095189,2.5,-10,14.5
773,-1.5981191396713257,0.4457166333445976,2.5,-10,14.5
774,-1.5832512378692627,0.44581215689768361,2.5,-10,15
775,-1.5705329179763794,0.44648007959171204,3,-10,15
776,-1.5429466962814331,0.44698264452173875,2.5,-10,15
777,-1.4658306837081909,0.44771443448326059,3,-10,15
778,-1.4396775960922241,0.44876503088526776,2.5,-10,15
779,-1.4819525480270386,0.44916718865202143,2.5,-10,15
780,-1.4626959562301636,0.44927008571818383,2.5,-10,15
781,-1.4474698305130005,0.44934806794829618,2.5,-10,15
782,-1.4549037218093872,0.44941174109254145,2.5,-10,15
783,-1.5081952810287476,0.44963218061548754,2.5,-10,14.5
784,-1.530049204826355,0.44938218345260383,2.5,-10,15
785,-1.5100761651992798,0.44955342982900343,2.5,-10,15
786,-1.5564711093902588,0.44971817618794818,2.5,-10,15
787,-1.6214061975479126,0.4496391141462327,2.5,-10,14.5
788,-1.6428123712539673,0.44936314634876234,2,-10,14.5
789,-1.6753246784210205,0.44931675617615652,2,-10,14.5
790,-1.6504254341125488,0.44945603823616326,2.5,-10,15
791,-1.6422749757766724,0.45004083463187916,2,-10,14.5
792,-1.6141513586044312,0.45034881388022385,2.5,-10,14.5
793,-1.6456784009933472,0.45076199564881198,2.5,-10,14.5
794,-1.6358262300491333,0.45059646022083882,2.5,-10,14.380000000000109
795,-1.5814598798751831,0.45062207944207244,2.5,-10,14
796,-1.6386027336120605,0.45039358825812392,2.5,-10,14
797,-1.651410698890686,0.45000549232066073,2.5,-10,14.5
798,-1.6652038097381592,0.44931937626287455,2.5,-10,14.5
799,-1.6944917440414429,0.44841296241950768,2,-10,14
800,-1.7355127334594727,0.44796755108184982,2,-10,14.5
801,-1.7854903936386108,0.44737315763559593,2,-10,14
802,-1.8042991161346436,0.44701894174465212,2,-10,14
803,-1.7635468244552612,0.44639150305550163,2,-10,14
804,-1.7431257963180542,0.44598029007012885,2.5,-9.5,14
805,-1.7706224918365479,0.44561272583473449,2,-10,14
806,-1.8051948547363281,0.44583198263214785,2,-10,14
807,-1.8372592926025391,0.44623710744245387,2.5,-10,14
808,-1.8489923477172852,0.44587357690047902,2,-10,14
809,-1.8514106273651123,0.44585472937041543,2,-10,14
810,-1.8553515672683716,0.44661387946007247,2,-10,14
811,-1.8609045743942261,0.44774036086160368,2,-10,14
812,-1.9250335693359375,0.44842136539125205,2,-10,14
813,-1.9290640354156494,0.44870622133547777,2,-10,14
814,-1.9240484237670898,0.44950513137243792,2,-10,14
815,-1.8900134563446045,0.45038237658930314,2,-10,14
816,-1.829914927482605,0.45061809894041993,2,-10,14
817,-1.8323332071304321,0.45105168110094501,2,-10,14
818,-1.818540096282959,0.45172253402912155,2,-10,14
819,-1.8474698066711426,0.45243306891208362,2,-10,14
820,-1.8654724359512329,0.45305783436553876,2,-10,14
821,-1.8496193885803223,0.45333769765238435,2.5,-10,14
822,-1.7693685293197632,0.45366424551244483,2.5,-9.8799999999999955,14
823,-1.7470667362213135,0.45406594771360043,2.5,-10,14
824,-1.7527093887329102,0.45433448880197336,2,-10,14
825,-1.769547700881958,0.45411158636632004,2,-9.5,14
826,-1.7666815519332886,0.45465248925888962,2,-10,14
827,-1.7668607234954834,0.45547397120528282,2,-10,14
828,-1.7681146860122681,0.45572928065870022,2,-10,14
829,-1.7458127737045288,0.45587253785602061,2,-10,14
830,-1.7150918245315552,0.45506447810796063,2.5,-10,14
831,-1.69691002368927,0.45457793076754793,2.5,-10,14
832,-1.736318826675415,0.45444892134807069,2.5,-10,14
833,-1.7375727891921997,0.45408620761333129,2.5,-10,14
834,-1.7923868894577026,0.45369036997254403,2,-10,14
835,-1.7724138498306274,0.45313059717037746,2,-10,13.5
836,-1.7679355144500732,0.45227972413002515,2,-10,13.880000000000109
837,-1.7708911895751953,0.45175904392681532,2,-10,14
838,-1.7789521217346191,0.45104406233924549,2.5,-10,14
839,-1.7627407312393188,0.45089925340298365,2.5,-10,14
840,-1.8094938993453979,0.45037533907861427,2,-10,14
841,-1.8142409324645996,0.44992968507451914,2,-9.5,14
842,-1.7972234487533569,0.45000571181635823,2.5,-10,14
843,-1.8411105871200562,0.45005007661654534,2,-10,14
844,-1.8164800405502319,0.45017364776838109,2.5,-10,14
845,-1.7880877256393433,0.44996340124740031,2.5,-10,14
846,-1.8162113428115845,0.44925895296619228,2.5,-10,14
847,-1.8562471866607666,0.44819692918573367,2.5,-10,14
848,-1.878369927406311,0.44806399808299535,2.5,-10,14
849,-1.8817733526229858,0.44741147592302755,2.5,-10,14
850,-1.8645768165588379,0.4466821967644275,2.5,-10,14
851,-1.8585759401321411,0.44626079713009226,2.5,-10,14
852,-1.8534706830978394,0.44574391554519177,2.5,-9.8799999999999955,14
853,-1.898163914680481,0.44537365827000824,2.5,-10,14
854,-1.9707120656967163,0.4451741795728037,2,-10,14
855,-1.9969547986984253,0.44399013603552212,2.5,-10,14
856,-2.0513210296630859,0.44348506318673897,2,-10,14
857,-2.0695924758911133,0.44296353677148737,2,-9.5,14
858,-2.0742499828338623,0.44272965172923562,2.5,-10,14
859,-2.0640394687652588,0.44177336682510798,2,-10,14
860,-2.0713837146759033,0.44111615684131106,2,-10,14
861,-2.0732645988464355,0.44010975032499033,2,-9.5,14
862,-2.085803747177124,0.43947071646340158,2.5,-9.5,14
863,-2.1011195182800293,0.43958452451484648,2.5,-10,14
864,-2.145275354385376,0.43994278106693391,2.5,-10,14
865,-2.1480519771575928,0.43962451389730356,2,-10,13.5
866,-2.1030900478363037,0.43939955608912296,2.5,-10,13.5
867,-2.0841915607452393,0.43975102153053658,2.5,-10,13.5
868,-2.1090013980865479,0.43981077936778745,2,-9.5,13.5
869,-2.110255241394043,0.43996953140082046,2,-10,14
870,-2.0744290351867676,0.44036054571372502,2,-9.5,13.5
871,-2.0732645988464355,0.44103211402531162,2,-9.5,14
872,-2.0553514957427979,0.44172406425967514,2,-9.5,14
873,-2.0516793727874756,0.44170663165205765,2,-10,14
874,-2.0343036651611328,0.44170869024773873,2.5,-9.5,13.5
875,-1.9592477083206177,0.44239005129947712,2.5,-9.5,14
876,-1.8910882472991943,0.44353562203771368,2.5,-9.5,14
877,-1.8612629175186157,0.44429109315616055,2.5,-9,14
878,-1.8658307790756226,0.44518708812638258,2.5,-9.5,14
879,-1.8635915517807007,0.44558334886004036,2.5,-9.5,14
880,-1.8158531188964844,0.44590545974205276,3,-9.5,14
881,-1.8346618413925171,0.44592466028293387,2.5,-9,14
882,-1.8155844211578369,0.44629458120503984,2.5,-9.5,14
883,-1.8628751039505005,0.44666625477326982,2,-9.5,13.880000000000109
884,-1.9287058115005493,0.44737959551829093,2.5,-10,14
885,-1.9395432472229004,0.44828136363108434,2,-10,13.5
886,-1.9204657077789307,0.44883158992577166,2,-10,13
887,-1.8695924282073975,0.44927066977217767,2,-9.5,13.5
888,-1.8562471866607666,0.4495974818751623,2,-9.5,13.5
889,-1.8929691314697266,0.44961301340639159,2,-9.5,13.5
890,-1.8801611661911011,0.44994448388536457,2,-9.5,13.5
891,-1.8483654260635376,0.45009182517522517,2,-9.5,13.5
892,-1.857053279876709,0.45031838659962481,2,-9.5,13.5
893,-1.8633228540420532,0.44984642150186327,2,-9.5,13.5
894,-1.8557097911834717,0.44935040779195307,2,-9.5,14
895,-1.8392297029495239,0.44920886434538004,2,-9.5,14
896,-1.898163914680481,0.44903229402746297,2,-10,13.5
897,-1.9216301441192627,0.44863925348847833,2,-9.5,13.5
898,-1.9325571060180664,0.44835163832116703,2,-10,14
899,-1.9171518087387085,0.44816436873131243,2,-10,14
900,-1.8939542770385742,0.44822111288568378,2,-9.5,14
901,-1.9005821943283081,0.44824409646020258,2,-9.5,14
902,-1.8936855792999268,0.44806305786175438,2,-10,14
903,-1.8870577812194824,0.44762516400677727,2,-9.5,14
904,-1.8514106273651123,0.44789012781724702,2.5,-9.5,14
905,-1.8589341640472412,0.44830286257769975,2.5,-9.5,14
906,-1.8336766958236694,0.44829148356543896,2.5,-9.5,13.5
907,-1.8585759401321411,0.44807635135544205,2.5,-10,13.5
908,-1.8724585771560669,0.44833878291942852,2,-9.5,13.5
909,-1.88625168800354,0.44889841982498357,2,-9.5,13.5
910,-1.9197492599487305,0.44941562871827656,2,-9.5,13.5
911,-1.9313927888870239,0.44952616330998058,2,-9.5,13.5
912,-1.8619793653488159,0.4493436210818304,2,-9,13.5
913,-1.8879534006118774,0.44997961898373773,2.5,-9.5,13.5
914,-1.8806090354919434,0.45082668315309171,2,-9,13.5
915,-1.8793550729751587,0.45168368290345529,2,-9.5,13.5
916,-1.8572324514389038,0.45256221482010789,2.5,-9.5,13.5
917,-1.808956503868103,0.4530741126609012,2.5,-9.5,13.5
918,-1.8138827085494995,0.45314067607480446,2,-9,14
919,-1.8096730709075928,0.4531032052618969,2,-9,13.5
920,-1.81244957447052,0.45358809198320438,2,-9.5,13.5
921,-1.7854903936386108,0.45371108096623552,2,-9.5,13.5
922,-1.7825347185134888,0.4539969489834132,2.5,-10,14
923,-1.7397223711013794,0.45381568158368946,2,-9.5,14
924,-1.7136588096618652,0.45374894028697466,2,-9.5,14
925,-1.7339901924133301,0.45411693854370339,2,-9,14
926,-1.7241379022598267,0.45443168764985808,2,-9,14
927,-1.7011195421218872,0.45479818008145884,2.5,-9,14
928,-1.6226600408554077,0.45511231030129684,2.5,-9,14
929,-1.5938199758529663,0.45570744507365718,2.5,-9,14
930,-1.5491267442703247,0.45622372060247307,2.5,-9,14
931,-1.5553963184356689,0.45645083374449807,2.5,-9,14
932,-1.5756381750106812,0.45678304890934934,2,-9.3799999999999955,14
933,-1.5529780387878418,0.45694267812060196,2.5,-9.5,14
934,-1.5171518325805664,0.45690405948631019,2.5,-9,14
935,-1.5151814222335815,0.4572456247845697,2,-9,14
936,-1.5162562131881714,0.456983447928274,2,-9,14
937,-1.5439319610595703,0.45696750172054235,2,-9,14
938,-1.5562024116516113,0.45620556085553726,2,-9,14
939,-1.5529780387878418,0.45543584213451654,2,-9,14
940,-1.5773398876190186,0.45470925462822553,2,-9,14
941,-1.6020599603652954,0.45421544584518209,2,-9.5,14
942,-1.6129870414733887,0.45414044132256642,2,-9.5,14
943,-1.6080609560012817,0.45387780121886584,2,-9.5,13.5
944,-1.6348409652709961,0.45347811694773088,2,-9,14
945,-1.6318854093551636,0.45326067853287583,2,-9,14
946,-1.6301835775375366,0.45275106535698462,2,-9,14
947,-1.6089565753936768,0.45269050944308964,2.5,-9.5,14
948,-1.5822659730911255,0.45252825916559569,2.5,-9.5,14
949,-1.6163904666900635,0.4528667171743575,2,-9.5,14
950,-1.6164801120758057,0.45342997153144121,2,-9.5,14
951,-1.5665024518966675,0.45388839779773499,2,-9.5,14
952,-1.5563815832138062,0.45356733986364017,2,-9,14
953,-1.5362292528152466,0.45370306496874191,2,-9,14
954,-1.5247648954391479,0.4540936043149304,2.5,-9.5,14
955,-1.5483206510543823,0.45371172576963698,2.5,-9.5,14
956,-1.5900582075119019,0.45338297480369255,2.5,-9,14
957,-1.5834304094314575,0.45281496339746963,2.5,-9,14
958,-1.5803850889205933,0.45269356121262183,2,-9,14
959,-1.5481414794921875,0.45289286766187775,2.5,-9,14
960,-1.5879086256027222,0.45263290177859805,2,-9,14
961,-1.6251679658889771,0.45285557694760858,2,-9,14
962,-1.6378862857818604,0.45306542245535852,2.5,-9,14
963,-1.5778772830963135,0.45317397992328667,2.5,-9,14
964,-1.5634572505950928,0.45276339172451718,2.5,-9,14
965,-1.6084191799163818,0.45241566218253237,2.5,-9,14
966,-1.6625168323516846,0.45188037754689153,2,-9.5,14
967,-1.682579517364502,0.45201151404422169,2,-9.5,14
968,-1.6780116558074951,0.45224419034233204,2,-9.5,14
969,-1.6781011819839478,0.45165821712797277,2,-9.5,14
970,-1.6806089878082275,0.45141150393816293,2,-9.3799999999999955,14
971,-1.6437079906463623,0.45154263375742448,2,-9.3799999999999955,14
972,-1.6649351119995117,0.45162788102599177,2,-9,14
973,-1.6567846536636353,0.45216810106190264,2,-9,14
974,-1.680877685546875,0.45257212019822068,2,-9.5,14
975,-1.6375279426574707,0.45295154010514332,2,-9.3799999999999955,14
976,-1.670667290687561,0.45336361003051434,2,-9,14
977,-1.6883116960525513,0.45373267137027423,2.5,-9,13.5
978,-1.7080161571502686,0.45370020510528197,2,-9,14
979,-1.7199283838272095,0.45364444836390611,2,-9.5,14
980,-1.7151813507080078,0.45345187993143959,2,-9.5,14
981,-1.7089117765426636,0.45302041617332101,2.5,-9,14
982,-1.7029109001159668,0.45275777697174141,2.5,-9,14
983,-1.7400805950164795,0.45263438839009812,2.5,-9.5,13.5
984,-1.7364084720611572,0.4522069157189838,2.5,-9.5,14
985,-1.7500224113464355,0.4521576017769442,2,-9.5,13.5
986,-1.7568293809890747,0.45206699136996875,2,-9.5,14
987,-1.7741155624389648,0.45162475275135305,2,-9.5,13.5
988,-1.8073444366455078,0.4512081987846765,2,-9.5,13.5
989,-1.8343931436538696,0.45061261341778325,2,-9.5,14
990,-1.8618898391723633,0.45033284534790291,2,-9.5,13.5
991,-1.8542767763137817,0.44970251524335486,2,-9.5,13.5
992,-1.8689655065536499,0.44906817857321391,2,-10,13.5
993,-1.8933273553848267,0.44916472681537789,2,-9.5,14
994,-1.8509628772735596,0.44855422008564994,2,-10,13.5
995,-1.8463053703308105,0.44772401264067507,2,-9.5,14
996,-1.8344827890396118,0.44741913421056373,2,-9.5,13.5
997,-1.81065833568573,0.44767617983863978,2,-9.5,14
998,-1.7965070009231567,0.44801080580196168,2,-9.5,14
999,-1.8304523229598999,0.44831184816715902,2,-9.5,14
1000,-1.8467532396316528,0.44820577632551628,2.5,-9.5,14
1001,-1.8466637134552002,0.44792511799738516,2.5,-9.5,14
1002,-1.8741602897644043,0.44805792249819787,2.5,-10,13.5
1003,-1.928795337677002,0.44840575644808306,2,-10,13.5
1004,-1.9540528059005737,0.44857619597605236,2,-9.5,13.5
1005,-1.9420510530471802,0.44824506171092776,2,-9,13.5
1006,-1.9107927083969116,0.44827510834488243,2,-9.5,13.5
1007,-1.8540080785751343,0.44829352279370049,2,-9.5,13.5
1008,-1.8969995975494385,0.44780368448057839,2,-9.5,13
1009,-1.9513658285140991,0.44748430423277602,2,-9.5,13
1010,-1.9639946222305298,0.44723718085628938,2,-9.5,13
1011,-2.005284309387207,0.44719439719820969,2,-9.5,13
1012,-2.0403940677642822,0.44697016221399061,2,-9.5,13
1013,-2.039677619934082,0.44638892095029414,2,-9.5,13
1014,-2.0276758670806885,0.44605118934370813,2,-9.5,13.380000000000109
1015,-2.0000896453857422,0.4460468146712146,2,-9.5,13
1016,-1.9598746299743652,0.44654885278320366,2,-9.5,13.5
1017,-1.9612181186676025,0.44687940611701682,2,-9.5,13.5
1018,-1.9683833122253418,0.44744918316865795,2.5,-9.5,13
1019,-1.9630093574523926,0.44755054626507462,2,-9.5,13.5
1020,-1.9617555141448975,0.44756808587164743,2,-9.5,13
1021,-1.986027717590332,0.44776067820369242,2,-9.5,13.5
1022,-1.9790416955947876,0.44757067090238489,2,-9.5,13
1023,-1.966771125793457,0.44770131252523088,2,-9.5,13.5
