sample,mean,mean_uncertainty,median,percentile_16,percentile_84
0,-0.36046773105464358,0.44268409606705256,1,-5,6
1,-0.30942208230267598,0.428078817847449,1,-5,6
2,-0.23319091522374635,0.41330835903260144,1,-4.5,6
3,-0.18012143017764784,0.39919846825429073,0.5,-4,6
4,-0.079829098268495616,0.3883795250252583,1,-4,6
5,0.054868450640881493,0.38033200332192219,1,-4,6
6,0.069485046098493361,0.37565463538648808,1,-4,6
7,0.1358219024061165,0.37077750687050998,1,-4,6
8,0.13852035079829098,0.36562054299811603,0.5,-3.5,5
9,0.17562401619069035,0.35881059395117909,0.5,-3.5,5
10,0.17112660220373285,0.34931225027156826,0.5,-4,5
11,0.13762086800089948,0.33722647261620864,0,-3.5,5
12,0.14256802338655272,0.32234543618324918,0,-3.5,5
13,0.17022711940634136,0.30260054981964624,0,-3,5
14,0.24668315718461883,0.2801336939456236,0,-3,4.5
15,0.39487294805486844,0.26052631049644581,0.5,-3,4.5
16,0.4967393748594558,0.24682984693662532,0.5,-3,4.5
17,0.53856532493816056,0.23975284930035426,0.5,-3,4.5
18,0.57004722284686304,0.23513226931691225,0,-3,4.5
19,0.57814256802338659,0.22963715003969612,0,-3,4
20,0.56195187767033961,0.21798126142785071,0,-3,4
21,0.56397571396447044,0.19516599560264164,0,-3,4
22,0.64357994153361819,0.16244700818350352,0,-3,4
23,0.74184843714863957,0.12720838335223256,0,-3,4
24,0.84169102765909598,0.10298899276591281,0,-3,4
25,0.9485046098493366,0.10200569170106363,0,-3,4
26,1.0204632336406567,0.12312991370831862,0,-3,4
27,1.0820778052619744,0.1528184435538745,0,-3,4
28,1.0876995727456713,0.18611196676026057,0,-3,4
29,1.1230042725432876,0.21613238197683021,0,-3,4
30,1.1079379356869801,0.24129475925094868,0,-3.3199999999999932,3.5
31,1.1886665167528672,0.26498318577702556,0,-3.5,4
32,1.2491567348774455,0.28886906280733365,0,-3.5,4
33,1.2921070384528897,0.31419326083130328,0,-4,4
34,1.2723184169102766,0.33854012241580794,0,-4,4
35,1.3705869125252979,0.36113220806409418,0,-4,4
36,1.3530469979761637,0.38027615271620646,-0.5,-4,4
37,1.3876770856757366,0.39583442019199078,0,-4,4
38,1.3746345851135597,0.40771421082659987,-0.5,-4,4
39,1.328985833145941,0.41674784094979705,-0.5,-4,3.5
40,1.2741173825050596,0.42540149589253656,-0.5,-4.5,4
41,1.2824375983809309,0.43212570112805071,-0.5,-4.8199999999999932,4
42,1.3035754441196312,0.44033785281997384,-1,-5,4
43,1.3874522149763886,0.45195569030150579,-0.5,-5,4
44,1.4409714414211827,0.46785345503942477,-1,-5,4
45,1.5136046773105465,0.48907327985186649,-1,-5,4
46,1.6294130874747021,0.5140907925438859,-1,-5,4
47,1.764335507083427,0.54169661556071169,-1,-5,4.5
48,1.8889138745221499,0.5683079818296779,-1,-5.5,4.5
49,2.0573420283337081,0.59421653977426336,-1,-6,5
50,2.2037328536091749,0.6175216854411979,-1,-6,5
51,2.2412862604002699,0.63576337787189152,-1,-6,5
52,2.3195412637733304,0.64992266859466519,-1,-6,5.5
53,2.4313020013492244,0.66155889798138878,-1,-6,5.8199999999999363
54,2.5718461884416461,0.6742797186454661,-1,-6,6
55,2.7517427479199461,0.69039199713038468,-1,-6,6
56,3.0649876321115359,0.71857446662177027,-1,-6.5,6
57,3.5936586462783899,0.77135047592966277,-1,-6.5,6
58,4.2921070384528894,0.86005158286308481,-1,-7,7
59,5.125702720935462,0.98370465522530703,-1,-7,7
60,6.3557454463683385,1.1308018516567304,-1,-7,7
61,8.5579042050820782,1.2938753178938678,-0.5,-7,9
62,16.713064987632112,1.4965400745834803,3,-5.5,20
63,59.407915448617047,1.8630489720358627,32,3,101
64,208.55385653249382,2.7626616012300955,172,63,344
65,543.71733753091974,4.5685255372829845,498,265,825.63999999999987
66,1085.2349898808186,7.5198229196874253,1012,602.36000000000001,1589.3199999999999
67,1780.4483921744998,11.799043656034206,1667,999.36000000000001,2602
68,2532.5918596806837,17.023602734119567,2370,1392.72,3791.8199999999997
69,3222.6541488644029,22.009866535713268,3022,1721.3599999999999,4917.6399999999994
70,3753.2612997526421,25.687842078476308,3592,1950.3600000000001,5723.2799999999997
71,4092.2999775129301,27.772182272132227,3972.5,2092.7200000000003,6200.8399999999992
72,4263.9862828873402,28.578278952398392,4164,2172.2200000000003,6448.2799999999988
73,4315.3561951877673,28.58012657428803,4209.5,2211.3600000000001,6499
74,4290.5489093771084,28.142456234234626,4180,2215.3600000000001,6455.6399999999994
75,4222.6932763660898,27.480606222964173,4120,2190.3600000000001,6347.2799999999997
76,4135.5374409714414,26.732336904382226,4028.5,2151.8600000000001,6196.6399999999994
77,4045.6334607600629,26.003180860876608,3950.5,2118.3600000000001,6051.2799999999997
78,3963.1124353496739,25.36420748565137,3875,2086,5917.5
79,3892.852709691927,24.845999449660873,3802,2062.3600000000001,5799.9200000000001
80,3835.3181920395773,24.444554043355378,3739,2034,5702.9200000000001
81,3788.5574544636834,24.133482210299462,3688,1999,5628.8199999999997
82,3749.2469080278838,23.885261587384104,3658,1982.1800000000001,5560.7399999999998
83,3714.7719811108614,23.675188323087497,3633,1968.4400000000001,5508
84,3683.3098718237015,23.488611123742118,3608,1956.1800000000001,5453.46
85,3653.4209579491794,23.315706418321941,3582,1943.6800000000001,5425.2799999999997
86,3623.9451315493593,23.153061672257603,3552,1927.3600000000001,5383.2799999999997
87,3594.3964470429505,22.997105528539642,3528,1910,5341.2799999999997
88,3565.0438497863729,22.843322014491818,3504,1894,5304
89,3536.2612997526421,22.692001515318818,3482,1882,5261.8199999999997
90,3507.9010568922868,22.550598933385167,3457,1866.3600000000001,5229
91,3479.4546885540813,22.419111340700741,3432,1848.72,5194.2799999999997
92,3450.3694625590288,22.286144917954285,3397,1830,5146.46
93,3419.9498538340454,22.151020014429463,3370,1809.7199999999998,5109.9599999999991
94,3389.5043849786371,22.019128321315467,3341,1794.1800000000001,5067
95,3360.2525297953675,21.885967884896722,3313,1782,5019.6399999999994
96,3332.0301326737126,21.748035831523726,3292,1766.3600000000001,4982.6399999999994
97,3303.9754890937711,21.605506517206827,3262,1757.3599999999999,4945.6399999999994
98,3275.8538340454238,21.458237391423054,3238,1741.3599999999999,4914.6399999999994
99,3247.8504609849338,21.308412496588922,3218,1728.1800000000001,4871
100,3219.9055543062741,21.157701058440939,3182.5,1712,4841.9200000000001
101,3191.8835169777376,21.006352107011544,3136.5,1698.72,4799.6399999999994
102,3163.8230267596132,20.856167696214239,3094,1682.3600000000001,4748.2799999999997
103,3135.6822577018215,20.707517581899914,3034,1669.8999999999999,4696.6399999999994
104,3107.3807060939957,20.558211759489538,2955,1658,4668.8199999999997
105,3078.7503935237237,20.4071418006898,2890.5,1644,4632.5
106,3049.8147065437374,20.255222354482484,2849,1627,4592.6399999999994
107,3020.8812682707444,20.103263088335872,2814,1612.1800000000001,4561.3199999999997
108,2992.1149089273667,19.951712320573897,2774.5,1598.3600000000001,4528
109,2963.6341353721609,19.800162132189232,2744,1585.3600000000001,4486.8199999999997
110,2935.626939509782,19.647312031458377,2717,1572.54,4446.6399999999994
111,2908.0667865977061,19.492712572491538,2688.5,1553,4414.3199999999997
112,2880.9242185743196,19.335667165763034,2664,1538.3600000000001,4381.6399999999994
113,2854.129975264223,19.17844861914897,2640,1530,4349.2799999999997
114,2827.105239487295,19.019168772227374,2613,1519,4313.46
115,2799.7535417135146,18.858875380498805,2591,1503.72,4273.3199999999997
116,2772.0611648302224,18.696138276606415,2571,1489.3600000000001,4231.6399999999994
117,2744.3177422981785,18.531996674490131,2545,1479,4201.7799999999997
118,2717.0420508207781,18.3676051652834,2522.5,1460,4159.9200000000001
119,2690.1050146165953,18.201636788677519,2500,1445.6800000000001,4126
120,2663.2091297503935,18.033680947996849,2475,1433.1799999999998,4089.46
121,2636.3449516527999,17.863398619273671,2450,1417.3600000000001,4053.3200000000002
122,2609.6237913199911,17.694064550613103,2427.5,1398.72,4017.0999999999995
123,2583.1929390600403,17.525448177927085,2405.5,1386.1800000000001,3977.6399999999999
124,2556.8515853384306,17.35593011687769,2382.5,1372.6799999999998,3938.46
125,2530.4780751068138,17.183823047054059,2359,1358.3600000000001,3897
126,2504.3368563076233,17.011938579742754,2333,1344.3600000000001,3859.6399999999999
127,2478.5331684281537,16.839801023250729,2310,1335.6800000000001,3820.46
128,2452.9491792219474,16.66620046997885,2292,1321.6800000000001,3786.1999999999994
129,2427.3096469530019,16.489188574719769,2269.5,1305.6800000000001,3746.8199999999997
130,2401.7191364965147,16.306870217888175,2248,1290,3703.6399999999999
131,2376.2570272093544,16.122115979368985,2232,1280.3600000000001,3662.5
132,2350.9736901281763,15.93592994985571,2211,1263.3600000000001,3619.5999999999995
133,2325.8225770182144,15.748158281893376,2187,1245,3558.46
134,2300.7978412412863,15.561540528283103,2164,1239,3496.1999999999994
135,2275.9997751293008,15.377856670789395,2143,1224.3600000000001,3415.5999999999995
136,2251.5457611873171,15.200036359625825,2123,1210.6799999999998,3348.3799999999992
137,2227.6615695974815,15.02931781583543,2103,1195.72,3295
138,2204.2298178547335,14.865406307989902,2081,1184.54,3252.3199999999997
139,2181.3022262199233,14.705934808453085,2062.5,1173.6800000000001,3211.6399999999999
140,2158.3321340229368,14.542013469439794,2042,1162.1800000000001,3175
141,2135.1095120305822,14.369384296401867,2022.5,1149.5,3144.3199999999997
142,2111.8518102091298,14.196878929509769,2000,1139.3600000000001,3110.2799999999997
143,2088.9437823251628,14.029526627312835,1980.5,1126.54,3071.6399999999999
144,2066.4519901056892,13.864151126160252,1959.5,1117.1800000000001,3039.6399999999999
145,2044.2230717337532,13.699175391568977,1939,1109.6200000000001,3005.96
146,2022.0355295704969,13.530793175039944,1917.5,1097.72,2974
147,1999.8787946930515,13.358971810460835,1897.5,1087,2940
148,1977.9066786597707,13.186764842944388,1875,1073.22,2905
149,1956.2774904429953,13.016758187636231,1853,1064.72,2877.2799999999997
150,1934.988306723634,12.851601142348168,1834,1055.3600000000001,2844.6399999999999
151,1914.1637058691254,12.689874663189178,1818,1042,2819
152,1893.7049696424556,12.533616858441981,1803,1031,2782
153,1873.402743422532,12.381600938888827,1786.5,1013.1800000000001,2757.96
154,1853.2828873397796,12.233254208039613,1764.5,1004.36,2736
155,1833.3132448841916,12.087468843282537,1746,993.68000000000006,2711.3199999999997
156,1813.6930514953901,11.946103869627084,1726.5,984.18000000000006,2684.6399999999999
157,1794.3546210928716,11.810422304003662,1713,972.18000000000006,2653.3199999999997
158,1775.422756914774,11.680882352624675,1700.5,959,2628.8199999999997
159,1756.8210029233192,11.55929129177024,1679,945.36000000000001,2602.6399999999999
160,1738.3883516977737,11.43955906687845,1661.5,934.67999999999995,2578.5999999999995
161,1720.0281088374186,11.317400369448599,1644,928,2554
162,1701.7901956375085,11.193843394107045,1624,917,2526
163,1683.6523498988081,11.069213922772184,1609,908,2497.2799999999997
164,1665.6694400719587,10.948218270964551,1592.5,898,2478.6399999999999
165,1648.0249606476277,10.833535737783958,1576,890,2454.96
166,1630.6474027434226,10.724125440005766,1559,877.39999999999998,2425
167,1613.4202833370812,10.61737806352169,1542.5,865.18000000000006,2399.9199999999996
168,1596.361367213852,10.512385494127374,1528,859.36000000000001,2378.9199999999996
169,1579.4627838992578,10.406348607389113,1511,847.53999999999996,2350.6399999999999
170,1562.8387677085675,10.302606580901804,1499,839.18000000000006,2323.3199999999997
171,1546.4580616145715,10.198399829121708,1485,828.36000000000001,2298.3199999999997
172,1530.1843939734651,10.093346416841829,1470,817.18000000000006,2278.8199999999997
173,1514.1212053069485,9.9881691035514173,1451,810.67999999999995,2257.96
174,1498.3456262648976,9.8850192261205656,1436,800.67999999999995,2235.5599999999995
175,1482.9188216775353,9.7843975763902904,1422,794.18000000000006,2214.6399999999999
176,1467.8293231391949,9.6869049259070508,1407,786.36000000000001,2191
177,1453.0915223746347,9.592628370024288,1390,780,2170
178,1438.7767033955477,9.4991966663892526,1374,770,2148.6399999999999
179,1424.8450640881492,9.4077188930106868,1361,764.72000000000003,2133
180,1411.2183494490669,9.3179530195896021,1349,755,2114.3199999999997
181,1397.8057117157634,9.2300796655488497,1336,746,2090.8199999999997
182,1384.5925342927817,9.1435086840499,1322.5,738.18000000000006,2067.6399999999999
183,1371.4528895884866,9.0567731974785062,1310,731.18000000000006,2047
184,1358.4908927366764,8.9718259457011769,1298,725,2030.4599999999998
185,1345.704519901057,8.8876613351527354,1287,720.68000000000006,2008.8199999999999
186,1333.0022487069934,8.8043547482646201,1273,712.36000000000001,1989.2799999999997
187,1320.3494490667865,8.7209990092294216,1257,706.36000000000001,1967.9599999999998
188,1307.7517427479199,8.6373690385992195,1247,702,1947.2799999999997
189,1295.2289183719361,8.5533280765501409,1238,697,1927
190,1282.8324713289858,8.4711742617727683,1225.5,689.5,1909
191,1270.6078255003374,8.3917469846619337,1219,684.36000000000001,1896.2799999999997
192,1258.5543062738925,8.3142902439287631,1206.5,678.68000000000006,1876.3199999999999
193,1246.5594782999774,8.2381818121292021,1193,673.18000000000006,1855
194,1234.608949853834,8.1617070601671333,1181,667.36000000000001,1835.3199999999999
195,1222.8072858106589,8.0875614458085821,1169,661,1816
196,1211.1891162581517,8.0152799027768147,1157,654.5,1801.8199999999999
197,1199.835169777378,7.9441691223840909,1147,648,1785.4599999999998
198,1188.6287384753766,7.8759981049004262,1135.5,641.18000000000006,1771.6399999999999
199,1177.5471104115134,7.8078439673202036,1125.5,635.18000000000006,1758
200,1166.6161457162132,7.7401086953591545,1115,630.68000000000006,1745.8199999999999
201,1155.6923768832921,7.6717163254496619,1105,626,1728
202,1144.7389251180571,7.6043379186911624,1097.5,621.5,1709
203,1133.8648527096918,7.5377782426765734,1086,614.5,1693.6399999999999
204,1123.0238362941309,7.4726900853534097,1076.5,609,1678.6399999999999
205,1112.2417360017989,7.4088728711306571,1067.5,601.36000000000001,1661
206,1101.6530245109063,7.3460128879832709,1055,593.68000000000006,1645.6399999999999
207,1091.1484146615696,7.2806832295549473,1047.5,586.68000000000006,1631.3199999999999
208,1080.8383179671689,7.2147000083033115,1038,580,1615.8199999999999
209,1070.5531819203957,7.1487337184883808,1025.5,573.18000000000006,1600
210,1060.3696874297279,7.0825866600957283,1016,567.18000000000006,1586
211,1050.2864852709693,7.016828116828826,1004.5,560.5,1571
212,1040.1906903530471,6.9509911358434664,995,557,1556.3199999999999
213,1030.1398695749945,6.8856386131814347,983.5,549,1543
214,1020.2170002248707,6.8218003342579721,975,544.68000000000006,1529.8199999999999
215,1010.4540139419834,6.7599755571204074,964,540.36000000000001,1516
216,1000.9114009444569,6.7007026639411063,954,535,1498
217,991.59163480998427,6.6436295533553125,945,530,1485
218,982.43377557904205,6.5858989735135323,935,524,1472.5
219,973.40701596581971,6.5277166779806457,927,520.18000000000006,1455
220,964.4166854058916,6.4696895007513637,919,515.36000000000001,1439
221,955.52170002248704,6.4111078891311717,910,510,1424
222,946.6764110636384,6.3546723010493853,902,503,1410.6399999999999
223,937.81920395772431,6.2996645887698524,894,498,1400.6399999999999
224,928.85270969192709,6.2450843311598145,886,493,1383
225,920.01506633685631,6.1914139955598051,877,488,1371
226,911.34585113559706,6.1400704393255747,869,485,1357
227,902.64560377782777,6.0888369825651099,862.5,480.18000000000001,1347.8199999999999
228,893.98673262873842,6.0357704209775251,854,475,1336
229,885.45648751967622,5.9827974269909419,844,470,1326.6399999999999
230,877.01416685405889,5.9302812461636236,836,466.5,1311.6399999999999
231,868.68810434000454,5.877840895131321,829.5,462,1299.5
232,860.54531144591863,5.8257129174242017,823.5,457.18000000000001,1289
233,852.55273217899708,5.7733742120931675,816,452.68000000000001,1276
234,844.68315718461884,5.7228185369714222,808,446.36000000000001,1264
235,836.995502586013,5.6747701278695528,798,442,1254.8199999999999
236,829.37328536091752,5.6287266155722273,791,437,1242.6399999999999
237,821.76545986058022,5.5823742712098463,785,435.36000000000001,1230.6399999999999
238,814.2595007870475,5.5360900871216634,778,432,1222.6399999999999
239,806.80143917247585,5.4894749743001112,771.5,426.68000000000001,1211
240,799.33708117832248,5.4437263524729271,762.5,423,1202.3199999999999
241,791.96244659320894,5.3983900562226781,755,419.18000000000001,1192.8199999999999
242,784.62334157859232,5.3521310652165512,749,416,1182.5
243,777.30087699572744,5.307310264865694,740,410.36000000000001,1172.3199999999999
244,770.06093995952324,5.2627912062176856,733,406,1163
245,762.90892736676415,5.2189755493331607,727.5,400.36000000000001,1151.5
246,755.95772430852264,5.1761493785738883,722,395.68000000000001,1139.5
247,749.03350573420278,5.1342350362455091,715,391,1128.6399999999999
248,742.23948729480549,5.0930639685448718,709,387,1120
249,735.48572071059141,5.0526405958273042,702,384,1112.8199999999999
250,728.76501011918151,5.0116619810749654,694,382.36000000000001,1103.3199999999999
251,722.13492241960876,4.9701193734124294,687,379.36000000000001,1093.3199999999999
252,715.45896109736907,4.9298852743007986,680,376,1083
253,708.77310546435797,4.8889141173305593,674,371,1074.5
254,702.09084776253655,4.8470853485056971,669.5,366.18000000000001,1064.5
255,695.54508657521922,4.8063036754293122,663.5,361,1055
256,688.99257926692155,4.7649915189279435,657,356,1045
257,682.44591859680679,4.722664315251798,651,353.5,1034.3199999999999
258,676.08095345176525,4.6810331229791551,645,350,1024.6399999999999
259,669.82572520800545,4.6403390066844938,638.5,348,1015
260,663.65864627838994,4.6005169841365392,631,344,1005.3199999999999
261,657.59703170676858,4.5612673070447576,625.5,339.68000000000001,994.81999999999994
262,651.6572970541938,4.5245583534223819,621,337,986
263,645.71171576343602,4.4881902330134658,615,335.36000000000001,977.45999999999981
264,639.83067236339105,4.4538141528012076,609.5,333,968.5
265,634.07668090847767,4.4196358234948372,605,329,962.31999999999994
266,628.33460760062962,4.3863404463476199,599,325,953
267,622.58668765459856,4.3537266910778794,594,321,945.5
268,616.8677760287834,4.3200316643194574,589.5,319,938.31999999999994
269,611.21137845738701,4.2868229893558549,584,313.68000000000001,931
270,605.73645154036433,4.2548665916652153,578,312,922.31999999999994
271,600.26602203732853,4.2240080568957126,573,309,913
272,594.94895435124806,4.1929749160152063,568,306,906.63999999999987
273,589.63840791544862,4.1625146140810854,562,305,899.31999999999994
274,584.39937036204185,4.1329812942688928,557,301.36000000000001,890.81999999999994
275,579.08072858106584,4.1021843028397731,552,299,882
276,573.82235214751518,4.0704792920101198,547,295.68000000000001,874.31999999999994
277,568.53002023836291,4.0401727804868566,542,292,866.63999999999987
278,563.25702720935465,4.008985154995437,537,287.5,859.63999999999987
279,557.9901056892287,3.9769581657552897,531,285,851
280,552.76568473127952,3.946038663656056,526,283,845.5
281,547.69372610748815,3.9153564078352354,522,279,839
282,542.71553856532489,3.8843726359657409,519,277,831
283,537.75736451540365,3.853526155584527,514.5,273.36000000000001,822.31999999999994
284,532.85383404542392,3.822253455936687,509.5,271,816.81999999999994
285,528.01753991454916,3.7936981164262829,505,268.36000000000001,809.31999999999994
286,523.17337530919724,3.7645887587407865,500,266.18000000000001,801.81999999999994
287,518.37328536091752,3.7375125117988088,495.5,263,794.81999999999994
288,513.5880368787947,3.7108049894003923,491,261,787.31999999999994
289,508.84011693276364,3.6824574216441657,484,258.18000000000001,781.63999999999987
290,504.10456487519679,3.6552728086238382,479,254.68000000000001,775.81999999999994
291,499.51450416010795,3.6283295238406326,474,253.68000000000001,770
292,494.94715538565328,3.6012148525283205,470,253,763.81999999999994
293,490.47650101191817,3.5743842074243193,466,249,756
294,486.10411513379808,3.5466027260782633,461,247.36000000000001,749
295,481.78502361142341,3.5193156531654135,457,245,743
296,477.51607825500338,3.4920523738688796,453,243,738.63999999999987
297,473.18439397346526,3.464339961395583,450,240,731.63999999999987
298,468.85001124353499,3.4363535297564769,446.5,238,724
299,464.60287834495165,3.4077461831138778,441.5,236,718
300,460.47897458961097,3.379057683112809,436.5,233,712
301,456.43602428603555,3.352877385097973,432,231,704.63999999999987
302,452.3946480773555,3.3279447690477713,428.5,229,698
303,448.36586462783902,3.302849361780142,423,226.68000000000001,691.5
304,444.37328536091746,3.2777616241023306,421,225,688.63999999999987
305,440.39667191364964,3.2533541886447535,417,221.68000000000001,682
306,436.46525747695074,3.2293502613063669,412,220,675
307,432.65639757139644,3.2077248982185935,408,217,670
308,428.78165055093319,3.1850720893893762,404.5,216,664
309,424.81178322464581,3.1617281662476873,399.5,213.5,658.81999999999994
310,420.9512030582415,3.1376213728368145,396,211,653.81999999999994
311,417.17787272318418,3.1126390699134734,394,209,648
312,413.4409714414212,3.0875846238740521,390.5,207.18000000000001,643
313,409.8554081403193,3.0638933903877033,388,205,636.31999999999994
314,406.25837643355072,3.040884740830549,385.5,202.68000000000001,629.63999999999987
315,402.59860580166406,3.0187205988774237,382,200,623.81999999999994
316,399.07960422756912,2.9972232766015261,379,198.18000000000001,618.81999999999994
317,395.56465032606252,2.9758315625581444,375,196.5,614
318,392.10726332358894,2.9527800543835525,371.5,195,608
319,388.64852709691928,2.9306697309199023,368.5,192.18000000000001,602.31999999999994
320,385.18574319766134,2.9067255046910447,364,190,600.81999999999994
321,381.69102765909599,2.8837529381842155,362,188,594
322,378.23858781200812,2.8611197895322249,358,186.68000000000001,587
323,374.78457387002476,2.8389338666622081,355,185,581.5
324,371.30110186642679,2.8167393958061928,352,183,576
325,367.82212727681582,2.7937941063254588,350,181.18000000000001,570
326,364.47919946031033,2.772305984534182,347,180,566
327,361.11895659995503,2.7497386265158879,344,177.68000000000001,561.5
328,357.86102990780302,2.7284825866191986,341,176,556.31999999999994
329,354.69170227119406,2.7079990207311226,338,173.36000000000001,552
330,351.58601304250055,2.6873303767992875,335,172,547
331,348.42590510456489,2.6672268436619935,332,171.68000000000001,542
332,345.29120755565549,2.6464618133912188,328,170,537.5
333,342.25028108837421,2.6257144153612257,325.5,168,532.81999999999994
334,339.22936811333483,2.6060238785976466,321.5,167,530
335,336.14976388576571,2.5865559885667135,319,165,527.81999999999994
336,333.10928715988308,2.5673562735342408,316,163.68000000000001,523.5
337,330.102765909602,2.5490490479439618,313,161.18000000000001,519
338,327.15965819653701,2.5305345992949317,311,159,514
339,324.27659096019789,2.5127134147842636,308,157.18000000000001,509
340,321.4461434675062,2.4959366776506147,305,156,503.5
341,318.67910951203061,2.4810335505694905,302,154.5,499
342,316.0074207330785,2.4678737900152741,300,152.68000000000001,496
343,313.38497863728355,2.4546575983312588,297,151,492.81999999999994
344,310.68338205531819,2.4413687452875905,294,150,488.81999999999994
345,308.02473577692825,2.4273666415869299,291.5,149,485
346,305.28671014166855,2.4133787930125554,289,148,481.63999999999987
347,302.65347425230493,2.3989563224030288,286,146,477.31999999999994
348,299.97931189565998,2.3840002875746586,284,144.68000000000001,473.5
349,297.34495165279964,2.3688768510489453,283,142.5,468.5
350,294.70541938385429,2.3527721646571735,280.5,141,465
351,292.12120530694853,2.3355951601990714,278,140,460
352,289.54935911850686,2.3185248939072434,276,138,457.5
353,286.97009219698674,2.3022284521563146,274,137,451.81999999999994
354,284.44209579491792,2.2854863211184568,271,136,448.5
355,282.01101866426802,2.2695827272216555,269,135,445.63999999999987
356,279.54171351472905,2.2540296873410748,266,133,442
357,277.04362491567349,2.2381856816978098,263.5,132,436
358,274.56240161906902,2.2213398264522026,262,130,433
359,272.17967168877897,2.2045864599006335,259,129,429.63999999999987
360,269.77512930065211,2.1882604447648419,257,127.18000000000001,427
361,267.48774454688555,2.1731075253091188,255.5,126,423
362,265.25432876096244,2.1587250507023468,253,124.68000000000001,420
363,263.0022487069935,2.1453870254848431,250.5,124,416
364,260.67776028783447,2.1318491126989279,248,121.5,412
365,258.38947605127049,2.1187235545120262,247,120,410
366,256.10928715988308,2.1060758824516537,245,119,405.81999999999994
367,253.86013042500562,2.0938160135092323,243,118,402
368,251.65437373510233,2.0810941129298408,240.5,116.18000000000001,397
369,249.42995277715315,2.0681143687405457,238,115,394
370,247.24960647627614,2.0558007262076599,236,114,391.81999999999994
371,245.06746120980435,2.0437103882392025,234.5,113.5,387
372,242.91050146165955,2.0322154583127197,233,112.5,385
373,240.73959973015516,2.0204514470634773,231,111,381
374,238.55835394648076,2.0093799060300257,229,109,377.63999999999987
375,236.4340004497414,1.9975184894845848,228,108,375
376,234.27771531369461,1.9845721818506048,225.5,107,372.31999999999994
377,232.1592084551383,1.9720782007234319,222,105.18000000000001,368.5
378,230.06093995952327,1.9597942343009962,220,104,365
379,228.02653474252304,1.9477594972397887,217.5,103,362.81999999999994
380,226.09467056442546,1.9364744040631241,215.5,102,361
381,224.11828198785699,1.9242822662035486,214,100.18000000000001,359
382,222.26107488194287,1.9127282177466551,211,100,355
383,220.33100966944008,1.9011887208603671,210,99,352.5
384,218.28693501236788,1.8893966939970652,208.5,98,349.63999999999987
385,216.32066561727007,1.8768829402638254,207,97,346
386,214.42972790645379,1.8648693625998176,204,96,343
387,212.4827973914999,1.8534987400048801,202,95.5,340.81999999999994
388,210.52799640206882,1.8411088964312488,200.5,94,337
389,208.66606701146841,1.8280544536558754,199,94,335
390,206.80818529345626,1.815208576400722,197,92.680000000000007,331
391,204.99910051720261,1.8037136547543544,195,91.180000000000007,328
392,203.19518776703396,1.7938154159623074,194,90,326
393,201.376208680009,1.7831991835133361,192,89.5,324
394,199.60984933663144,1.7715430781884356,190,89,321
395,197.88059365864629,1.7615333555596997,188,87,318
396,196.18214526647179,1.7519179054623115,186.5,86,316
397,194.49876321115357,1.7422319617986177,185.5,85.5,313
398,192.82370137171128,1.732920012389402,185,85,309.5
399,191.14571621317742,1.7240903570648867,183,84,307.31999999999994
400,189.42747919946032,1.7138377254544457,181,83,305.5
401,187.73847537665841,1.7040310738775362,180.5,83,303
402,186.09152237463459,1.6938471326622064,179,81.680000000000007,301
403,184.44389476051271,1.6836540743607189,178,80,297.31999999999994
404,182.84933663143693,1.6732502207247204,176,80,295
405,181.23543962221723,1.6640079687589326,174.5,79,294
406,179.72520800539689,1.6539444798402834,173,79,292
407,178.18641780975938,1.6436195059291947,171,78,289
408,176.59973015516078,1.6331906553734277,170,77,286
409,174.95300202383629,1.6219758213394511,168.5,75.680000000000007,284
410,173.37553406791096,1.6115122443967922,167,75,281
411,171.76118731729255,1.6013166042305382,165.5,74.5,280
412,170.14639082527546,1.5906335554993178,164,73,277
413,168.59343377557903,1.580601155359632,162,73,275.81999999999994
414,167.04519901056892,1.570817184617209,161,72,272.31999999999994
415,165.55745446368337,1.5618306594403741,159,71.680000000000007,270.81999999999994
416,164.10793793568698,1.5537355607996102,158,71,269
417,162.73914998875645,1.5459833764314541,156.5,70,265.63999999999987
418,161.35372161007422,1.5384157173986639,155,69.5,263
419,159.99640206881043,1.5318424271817794,154,69,261
420,158.65145041601079,1.524534310864623,153,68,259
421,157.25028108837418,1.5178046793933497,151.5,68,256
422,155.86957499437824,1.5116991894093939,150,67,254
423,154.51270519451316,1.5049474014126103,149,65.680000000000007,252
424,153.17652349898808,1.4975072881925227,147,65,250
425,151.77535417135147,1.4899189674831808,145.5,65,248.31999999999994
426,150.45581290757815,1.481076663433561,145,64,247
427,149.10546435799415,1.473304846120099,144,63,245
428,147.79784124128625,1.4652300842964716,143,62.5,242
429,146.42995277715315,1.4567421720570883,141,62,241.81999999999994
430,145.11468405666741,1.4490568092157627,139.5,61,240
431,143.86215426129976,1.4399061507923003,138,61,239
432,142.56105239487295,1.4308958382210757,138,59.5,236
433,141.23701371711266,1.422598301603184,136,59,234
434,139.99302900832021,1.4145855108363887,134.5,58,231
435,138.74702046323364,1.4074916116634097,133,58,229
436,137.53609174724534,1.3999796138955534,131.5,57.180000000000007,227
437,136.2795142792894,1.3935715824206196,131,56.5,226
438,135.05666741623565,1.3869650728196781,130,56,225
439,133.85540814031933,1.3806721092703811,129,55.180000000000007,223
440,132.68180796042276,1.3741170712465671,127.5,55,221
441,131.55677985158533,1.3676307265570153,126,55,219
442,130.42747919946032,1.3601752311615725,125,54,217
443,129.30132673712615,1.3539440401818601,124,54,215
444,128.12322914324264,1.3470066144897288,122,53,213
445,127.00629637958174,1.3397154714752506,121.5,53,211
446,125.77243085225994,1.3319396185627166,120.5,52.5,209
447,124.57476950753316,1.3249379968824095,119,51,208
448,123.43062738925119,1.3174219060491152,118,51,205.81999999999994
449,122.30020238362941,1.3103787007601067,117,50,204
450,121.20013492241961,1.3033793887119889,116,50.5,203
451,120.09826849561502,1.297565166454085,114.5,50,202
452,119.01956375084326,1.2909373126192834,114,49.5,199.81999999999994
453,117.92894085900608,1.2849313993009506,113,49.180000000000007,198
454,116.82752417360018,1.2800432517396922,112,48,196
455,115.81628063863279,1.2756613031590891,111,47.5,194
456,114.76118731729255,1.2715975972003981,110,47,193
457,113.64492916572971,1.266779592578805,109.5,47,191
458,112.63683382055318,1.261245618734175,109,46,189.5
459,111.66156959748145,1.255986536666311,108,46,188
460,110.59568248257253,1.2506267276105703,107,45.180000000000007,186
461,109.63885765684731,1.2452683122582124,106,45,185
462,108.65954576118732,1.2402637197782422,105,44,183.81999999999994
463,107.67438722734428,1.2352477245316535,104.5,44,181.63999999999987
464,106.69912300427254,1.2306876478635149,104,43,179.81999999999994
465,105.67146390825276,1.2250999530614008,102.5,43,179
466,104.6885540814032,1.2188159253861701,102,42.5,177
467,103.69462559028558,1.2132848216556094,100.5,42,175.5
468,102.81695525073083,1.207778955616494,100,41.5,174
469,101.88756465032606,1.2023185306206865,99,41.5,173
470,100.99932538790196,1.1979148873280967,98,41,172
471,100.20080953451765,1.1929575500542631,97.5,40,170
472,99.320215875871369,1.1888581759250121,96.5,40,169
473,98.421632561277264,1.1839510011594196,95.5,40,168
474,97.502361142343148,1.1792208657739127,94.5,39,166.81999999999994
475,96.621092871598833,1.1748467677537462,93.5,39,165
476,95.753091972116039,1.1702909712097125,93,38.5,163.31999999999994
477,94.814481673038003,1.1640352099591029,92,38,162
478,93.924443445019108,1.1584178486520007,91,37.5,161
479,92.97571396447043,1.1531637598098834,90,37,159
480,92.094445693726101,1.1481928961954773,89.5,36.680000000000007,158
481,91.213177422981786,1.1430464131732989,89,36,157
482,90.351248032381378,1.1377328912998246,88,35.680000000000007,156
483,89.473352822127282,1.1322865842633463,87,35,154.5
484,88.592759163480991,1.1265262568826502,86,35,153
485,87.709017315043852,1.1214405744177451,85,34.5,151.5
486,86.901731504384983,1.1166445415401545,84,34.680000000000007,150.31999999999994
487,86.168428153811561,1.1130753311179871,83,34,150
488,85.429053294355739,1.109450207388613,83,33.5,149
489,84.704070159658201,1.1049480535957228,82,33.180000000000007,147
490,83.918821677535419,1.1019261404113587,81,32,147
491,83.126377333033503,1.0978951963884476,80,32,145
492,82.362041825950072,1.0944570802164693,79,32,144
493,81.694850460984938,1.0901320224616651,78.5,32,143
494,80.948729480548678,1.0865750945409913,77.5,32,142
495,80.154711041151344,1.0829825462685345,77,31,141
496,79.405441870924221,1.0788403954917556,76.5,31,139
497,78.664492916572968,1.0753897864238393,76,30,138
498,77.934337755790423,1.0723251930215187,75.5,30,138
499,77.161682032831123,1.0678776377944585,75,30,136
500,76.473802563525979,1.0637381605241909,74,29,136
501,75.755790420508205,1.0608654273741895,73.5,29,134.81999999999994
502,75.035529570496962,1.0579865075936015,73,28.180000000000007,133.5
503,74.367888464133117,1.0545390130487424,73,28,132
504,73.630087699572741,1.0499499478019483,72,28,131
505,72.968967843489992,1.0443718217815148,71,27,130.31999999999994
506,72.3118956599955,1.0402810907898796,71,27,130
507,71.636833820553178,1.0364712010969701,70,26,128.5
508,70.87182370137171,1.0338578338969273,69,26,128
509,70.187991904654822,1.0297783133043374,69,26,127
510,69.496289633460762,1.0253316280442686,68,26,125.31999999999994
511,68.851585338430397,1.0215917241044368,67,25.680000000000007,124
512,68.167303800314812,1.0178904801891,67,25,123
513,67.571621317742299,1.0139916604391888,66,25,122
514,66.913874522149769,1.0106421800541712,65,25,121
515,66.295480098943102,1.0078980250656302,65,24.5,120
516,65.687654598605803,1.004188112001837,64,24,118.5
517,65.093321340229366,1.0010026723113499,64,24,118
518,64.462109287159876,0.99739860023446125,64,24,117
519,63.796267146390825,0.99452050357588229,63,23.180000000000007,116
520,63.116258151562853,0.99124966794752101,62,23,114.81999999999994
521,62.494940409264672,0.98785322650564356,62,23,114
522,61.917922194738026,0.98586951885039098,61,23,113
523,61.341578592309425,0.98327000130631892,61,22,112
524,60.694625590285582,0.98218404756061484,61,22,111
525,60.08590060715089,0.97974966064813851,60,22,110.5
526,59.533843040251853,0.9784091749686652,60,22,110
527,58.953451765234988,0.97624020230199826,59,22,110
528,58.372835619518774,0.97339422905974593,58,21.5,108.5
529,57.778277490442996,0.97073919974654654,58,21,107.31999999999994
530,57.204857207105917,0.96890297633784972,57,21,106.5
531,56.684281538115584,0.96627674389943641,57,20.680000000000007,105
532,56.176748369687431,0.964459408597787,56,20,104.5
533,55.638407915448617,0.9616701395127718,55.5,20,103
534,55.07488194288284,0.95982970085796682,55,20,103
535,54.523498988081855,0.95794593628086644,54,20,102
536,53.993253879019562,0.95527439023048433,54,20,101
537,53.419833595682483,0.95310070687162385,53.5,19.5,100
538,52.909826849561505,0.95102596090123348,53,19,99
539,52.415111310996174,0.94829340927760575,52.5,19,98.319999999999936
540,51.9154486170452,0.94588097903139501,52,19,97
541,51.292331909152239,0.94322384987406105,52,19,97
542,50.738025635259724,0.94099119593115543,51.5,19,95.5
543,50.195412637733305,0.93818997145099736,51,18.5,95
544,49.677310546435798,0.93605140835840739,50,17.5,95
545,49.155610523948731,0.9323455655627283,50,18,94
546,48.696649426579718,0.92973613431205138,50,17.5,93
547,48.321789970766808,0.92724295040117355,49,17,92.5
548,47.992579266921517,0.92581114140883825,49,17,91.819999999999936
549,47.536766359343375,0.92561442030274821,48.5,17,90
550,47.127051945131548,0.92434842177386245,48,16.680000000000007,90
551,46.745221497638859,0.92236680667490234,48,16,89.5
552,46.303800314818979,0.92051860393995666,47,16,89
553,45.853834045423881,0.91962174557547305,47,16,88
554,45.306948504609849,0.9171831331284851,46,16,87
555,44.846863053744094,0.91528703917078436,46,15.5,87
556,44.482122779401841,0.91378727561568218,46,15.680000000000007,86.5
557,44.112660220373286,0.91216915626009698,45,15,86
558,43.744996626939511,0.91102160523654308,45,15,85
559,43.28715988306724,0.90869140198506326,44.5,15.180000000000007,84
560,42.821227794018441,0.9069298652860962,44,15,84
561,42.394198335956823,0.90479557412950251,43,15,83
562,42.040026984483923,0.90292738845850662,43,15,83
563,41.618169552507311,0.90092930026132934,43,15,82
564,41.178322464582862,0.89904408045579065,42,14,81.5
565,40.654598605801667,0.89571982034009112,42,14,80
566,40.263098718237011,0.8935754692834661,41,14,80
567,39.859455812907576,0.89134182050435273,41,14,79
568,39.42680458736227,0.88829183180351523,41,13,78
569,39.067461209804364,0.88575131776585636,41,13,77.5
570,38.635484596357095,0.88405013787013731,40,13,77
571,38.254553631661793,0.88239570096694009,40,13,76.5
572,37.791769732403871,0.87962769571412847,39,13,76
573,37.408140319316395,0.87727255345778221,39,13,75
574,36.970541938385431,0.87380094057532431,38.5,12.5,75
575,36.568023386552731,0.87190388015984344,38.5,12,74
576,36.268720485720713,0.87148726803609544,38,12,73.5
577,35.899033055992803,0.87093530356689697,38,11.680000000000007,73
578,35.559703170676862,0.87040729178575171,37,12,72
579,35.244659320890491,0.87056928110653675,37,12,72
580,34.892286935012365,0.87054710472254215,37,11,71
581,34.557679334382733,0.871954485163005,36,11,70
582,34.23521475151788,0.87318128103295567,36,11,70
583,33.914774004947155,0.87250735644094546,35.5,11,69.5
584,33.588936361592083,0.87306440013259123,35,11,69
585,33.338655273217903,0.87276691040802534,35,11,69
586,32.984483921744996,0.87208962688655678,34.5,11,68.5
587,32.697548909377112,0.87050933346489501,34.5,10.5,67.319999999999936
588,32.407015965819653,0.86905778765942654,34,10,67
589,32.10883741848437,0.868597283902239,34,10,66
590,31.7515178772206,0.86845740781820713,33.5,10,65.5
591,31.464582864852709,0.87020218102021618,33,10,65
592,31.176073757589386,0.87048402773472966,33,10,65
593,30.863278614796492,0.8726824097028586,33,9.5,64
594,30.619293906004049,0.87398201809044085,32,10,64
595,30.32066561727007,0.87451456601101907,32.5,9,64
596,30.04137620868001,0.87318566649330409,32.5,9,64
597,29.759388351697773,0.87139247934817787,32,9,63
598,29.368787946930514,0.8693542280852975,32,8.5,62.5
599,29.032381380706095,0.86707411422315739,31.5,8.5,62
600,28.686530245109061,0.8640173970768299,31,8,61
601,28.398920620643132,0.86288872105130243,31,8.5,60.5
602,28.10793793568698,0.86129963813518406,30.5,8,60
603,27.876096244659323,0.86113970669285334,30.5,8.5,60
604,27.624016190690352,0.86160377507005637,30,8,60
605,27.32381380706094,0.86093343682989132,30,8,59.319999999999936
606,27.054643579941533,0.85962273871078576,30,8,59
607,26.791319991005171,0.85800322478435487,29,7,58
608,26.519676186192939,0.85869075383273463,29,7.5,58
609,26.258601304250057,0.85904022152535264,29,7,58
610,25.991005172026085,0.85980487846758591,29,7,57
611,25.691027659096019,0.85922886998186032,28.5,7,57
612,25.460535192264448,0.85766692941000977,28,7,57
613,25.165279964020687,0.85484134757383057,28,7,56
614,24.800089948279741,0.85303609021020632,27.5,7,56
615,24.464133123454015,0.85030255211037076,27,6.5,55
616,24.19563750843265,0.84839377726982568,27,6,55
617,23.86125477850236,0.84578388714969244,27,6,54
618,23.552507308297727,0.84385537133356159,26.5,6,54
619,23.229817854733529,0.84232332719057579,26,6,53.5
620,22.964695300202383,0.84092195710859519,26,6,53
621,22.691477400494716,0.83876663251896211,26,5.5,53
622,22.467281313244886,0.83635261704971653,26,5.5,52.5
623,22.294130874747019,0.83526119122776121,25,5.1800000000000068,52.319999999999936
624,22.15336181695525,0.83452923366680498,25,5,52
625,21.986732628738476,0.83568701602029638,25,5.1800000000000068,51.5
626,21.770182145266471,0.83776590096032433,25,5,51
627,21.609399595232741,0.83968034814434411,25,5,51
628,21.444119631212054,0.84071389811794728,24,5,51
629,21.253204407465706,0.84211799761820172,24,5,51
630,21.075106813582192,0.84236439134138152,24,5,51
631,20.864627838992579,0.84182489881878575,24,5,50
632,20.678884641331233,0.84128837744914842,23.5,4.5,49.5
633,20.444119631212054,0.84026296058473071,23,4.1800000000000068,49
634,20.190015740948954,0.84062664726729075,23,4,48
635,19.95862379131999,0.84034877750129044,23,4,49
636,19.743647402743424,0.84037000437912057,23,4,48
637,19.485046098493367,0.84041526268586331,22.5,4,48
638,19.246008545086575,0.8406230200745638,22,4,48
639,19.03575444119631,0.84089293182393499,22,4,47.5
640,18.857656847312796,0.84166991575022443,22,3.5,47
641,18.615021362716437,0.84203472006869606,22,3,47
642,18.446368338205531,0.84277210703033967,22,3,46
643,18.243759838093098,0.84330407827626053,21.5,3,46
644,18.043849786372835,0.8445159475644497,21,3,45.5
645,17.848212277940185,0.84511329330760765,21,3,46
646,17.598156060265346,0.8453537086278945,21,2,45
647,17.395997301551606,0.84414578109687632,21,2.5,44.819999999999936
648,17.256127726557228,0.84331380954995994,21,2,44
649,17.071958623791321,0.84257238689747804,20.5,2,44
650,16.852709691927142,0.8416068048897184,20,2,44
651,16.662469080278839,0.84080216481085268,20,2,44
652,16.472003597931188,0.84186018877656421,20,2,43
653,16.292331909152239,0.84340975590689049,20,2,43
654,16.130874747020464,0.84369818199900848,20,2,42.5
655,15.942882842365639,0.8441504498770569,20,2,42.5
656,15.823926242410614,0.84451740543837861,19.5,2,42
657,15.636833820553182,0.8443615676545273,19.5,1.5,42
658,15.497413986957499,0.84480047589815921,19,1.5,42
659,15.31324488419159,0.8451880431432669,19,1.5,41
660,15.136721385203508,0.84465591199688594,19,1.5,41
661,14.939060040476726,0.84393957856495849,19,1,41
662,14.798290982684955,0.84319891246449863,18.5,1,41
663,14.62648976838318,0.84211099173749548,18,1,41
664,14.489093771081627,0.84119403717691132,18.5,0.68000000000000682,40
665,14.310771306498763,0.84024353749524439,18,1,40
666,14.172925567798515,0.84044277355533092,18,1,39.819999999999936
667,13.964245558803688,0.83986388807586287,18,0,39
668,13.818079604227568,0.83951056744780039,18,0.5,39
669,13.660670114684057,0.83880312100449139,17,0.5,39
670,13.465257476950754,0.83889827894980085,17,0,39
671,13.272993029008321,0.83926998859375712,17,0,38.5
672,13.179221947380256,0.83951557800728982,17,0,38
673,13.072858106588711,0.8399420849584579,17,0,38
674,12.935911850685855,0.84150295684754528,17,0,37.319999999999936
675,12.819428828423657,0.84283320043962662,17,0,37
676,12.685405891612323,0.84333292990635134,16,0,37
677,12.455138295480099,0.8426607387554863,16,0,37
678,12.26872048572071,0.84188562031445646,16,-0.5,36.5
679,12.175848886890039,0.84122657305223314,16,-0.5,37
680,12.138970092196987,0.8412804316364455,16,0,36
681,12.07510681358219,0.84128048568001457,16,0,36
682,11.942657971666291,0.84105781386453526,16,-0.5,36
683,11.727681583089723,0.84177210694050164,15.5,-1,36
684,11.628063863278614,0.84238936601540726,15.5,-1,36
685,11.451315493591185,0.84273115394617348,15.5,-1,36
686,11.32066561727007,0.84324364904793525,15,-1,35.5
687,11.21587587137396,0.84376762700473806,15,-1,35
688,11.056442545536317,0.84266055967468367,15,-1,35
689,10.918147065437374,0.8412821778061268,15,-1,34.5
690,10.718911625815156,0.83960487359525104,15,-1.5,34.819999999999936
691,10.550483472003599,0.83849438226978723,15,-1.5,34.319999999999936
692,10.477400494715539,0.83649180287214508,15,-1.5,34.5
693,10.33325837643355,0.83511496635915816,15,-1.5,35
694,10.228018889138745,0.83499094186065803,15,-1.5,34
695,10.062064313020013,0.83387831848854388,14.5,-2,34
696,9.912300427254328,0.83245603656881551,14.5,-1.5,34
697,9.7998650775803906,0.83186182828840471,14,-2,34
698,9.6899033055992803,0.83098474917935061,14,-2,34
699,9.6330110186642681,0.83107801093406763,14,-2,34
700,9.417135147290308,0.83075795930682628,14,-2,33
701,9.263998201034406,0.83090612836728983,14,-2.5,33
702,9.1535866876545988,0.8305038563947017,14,-2,33
703,8.9948279739149992,0.83003051696418895,14,-2.5,32.5
704,8.8263998201034397,0.82806158752437009,14,-2.5,32.5
705,8.7081178322464581,0.82752012213172854,14,-2.5,32.5
706,8.6689903305599287,0.82704023873725463,14,-2.5,32
707,8.5160782550033733,0.82508163651465527,13.5,-3,32
708,8.3739599730155163,0.82417543427113438,13,-2.8199999999999932,31.5
709,8.2021587587137397,0.82354144524446027,13,-3,31
710,8.0955700472228465,0.82382253049186549,13,-3,31.319999999999936
711,7.9266921520125928,0.8234232992258026,13,-3,31
712,7.7890712840116931,0.82272304223634107,13,-3,31
713,7.6435799415336181,0.82166145357066767,13,-3,31
714,7.5142792894085897,0.81977415678118881,12.5,-3,31
715,7.4108387677085679,0.81778994891077994,13,-3,30
716,7.2628738475376657,0.81741557195014469,12,-3,30
717,7.0996177198111088,0.81749616637150069,12,-3,30
718,7.0013492241960869,0.81729262459667085,12,-3.8199999999999932,30
719,6.8895884866201937,0.81767327748716279,12,-3,30
720,6.7751293006521252,0.81673107653289578,12,-3.5,29.5
721,6.6296379581740501,0.81580928665696972,12,-3.5,30
722,6.4564875196761866,0.8155134523585762,12,-4,29.819999999999936
723,6.3427029458061615,0.8146092687127453,11.5,-3.5,29
724,6.2660220373285362,0.81410363274865494,11.5,-3.5,29
725,6.1744996626939512,0.8132646127912484,11.5,-4,28
726,6.1189565999550259,0.81353458773236698,12,-4,28.5
727,6.01056892286935,0.81277199698747227,11,-4,28
728,5.9201709017315043,0.81130277891307623,11.5,-4,28
729,5.8664268045873627,0.80902453488387149,11,-4,28.319999999999936
730,5.7297054193838539,0.80778659893389504,11,-4,28.5
731,5.6604452439847091,0.80671580138804833,11,-4,29
732,5.6004047672588264,0.80712954339117404,11,-4,28.5
733,5.4969642455588037,0.80653341052930139,11,-4,28
734,5.4706543737351021,0.80544835806307191,11,-4,28
735,5.4153361816955252,0.8048854216568091,11,-4,28
736,5.2905329435574542,0.80413215592812781,11,-4,28
737,5.152687204857207,0.80397932138843176,11,-4,28
738,5.1074881942882842,0.80390556551314118,10,-4.5,28
739,5.0013492241960869,0.80530749859649287,10,-4.5,28
740,4.9359118506858559,0.80605108521220692,10.5,-4.5,27
741,4.8599055543062741,0.80602256524843263,10,-4.5,27
742,4.7787272318416907,0.80653317720122475,10,-5,27
743,4.7177872723184171,0.80591660749960048,10,-5,27
744,4.6725882617494943,0.8057445196281573,10,-5,27
745,4.5556554980885995,0.80658875909481043,10,-5,27
746,4.4533393298853161,0.80847186038090513,10,-5,27
747,4.4081403193163933,0.81051035492614032,10,-5,26
748,4.2988531594333255,0.81212665107924165,10,-5,26
749,4.1783224645828652,0.81299425224595345,10,-5,26
750,4.131999100517203,0.81366014606364634,10,-5,26
751,4.1214301776478521,0.81462990391912371,10,-5,26
752,4.0706093995952326,0.81650230554967673,10,-5,25.5
753,4.0917472453339334,0.81841150106943272,10,-5,25.819999999999936
754,4.0204632336406565,0.81974729606698415,10,-5,25
755,3.9601978862154263,0.82037422867231846,9.5,-5,25
756,3.9262424106138969,0.82147965033603021,9.5,-5,25
757,3.8374184843714865,0.82238707493111107,9,-5.5,25
758,3.8263998201034406,0.82165178634023517,9.5,-5.5,25
759,3.7503935237238588,0.82084250010165549,9.5,-6,25.5
760,3.6282887339779628,0.82012269701451779,9,-5.8199999999999932,25
761,3.5871373959973014,0.81927885636660225,9.5,-6,25
762,3.5124803238138069,0.8178276953732897,9,-6,25
763,3.4589610973690128,0.81725364438579684,9,-6,25
764,3.3737351023161684,0.81572375150047072,9,-6,24.5
765,3.3130200134922418,0.81435089300837904,9,-6,24
766,3.2716438048122329,0.81403142369844239,9,-6,24
767,3.210478974589611,0.81474840649894953,9,-6,24.319999999999936
768,3.1619069035304701,0.81492560328168606,9,-6,24
769,3.1074881942882842,0.81479380400202739,9,-6,24
770,3.0294580616145717,0.81332153327562651,9,-6,24
771,2.9687429727906456,0.81274903879380078,9,-6,24
772,2.9563750843265124,0.81263866089013614,9,-6,24
773,2.9226444794243309,0.81289078044345886,9,-7,24
774,2.9089273667641105,0.81434914897932298,9,-6.3199999999999932,24
775,2.8693501236788848,0.81610778385497806,9,-6.5,24
776,2.8212277940184394,0.81742009430112472,9,-6.5,24
777,2.7910951203058243,0.8176685497821472,8.5,-6.5,24
778,2.7638857656847313,0.81831674043192548,8.5,-6.5,24
779,2.6984483921744995,0.8193122122058667,8,-6.5,24
780,2.6067011468405665,0.81942769020505546,8,-7,24
781,2.5547560152912077,0.82063896728925256,8,-6.5,24
782,2.5270969192714188,0.82054876495087514,8,-7,24
783,2.4616595457611874,0.82103762781630185,8,-7,24
784,2.4519901056892288,0.82100319997531612,8,-7,23.5
785,2.390150663368563,0.81993872652682609,8,-7,23.5
786,2.3055992804137619,0.81754649025582926,8,-7,23
787,2.1906903530469979,0.81624489808545797,8,-7,23
788,2.0744322014841465,0.8148929855810052,8,-7,23
789,1.9660445243984708,0.81314666676716885,8,-7.5,23
790,1.8988081852934562,0.81222216978746387,8,-7,23
791,1.8338205531819205,0.8119496160312204,8,-7.5,23
792,1.8014391724758263,0.8109915396374715,8,-7.8199999999999932,23
793,1.7656847312795143,0.81028307094700835,8,-7.5,23
794,1.7166629188216775,0.81016172131217123,8,-7,23
795,1.6791095120305823,0.81000597823040443,8,-7.5,23
796,1.6291882167753542,0.81039859315750573,7.5,-7.5,22.5
797,1.6323364065662245,0.81142060318658882,8,-7.5,23
798,1.5738700247357769,0.8115738221319192,8,-8,22
799,1.5129300652125028,0.81247391091376187,8,-7,22
800,1.4859455812907578,0.81362997720961672,7,-8,22
801,1.4072408365190017,0.81498077888858433,7,-8,22
802,1.3478749718911627,0.81516437540418596,7,-8,22
803,1.2482572520800539,0.81500608175958156,7,-8,21.819999999999936
804,1.2743422532044075,0.81388072010807999,7,-7.5,22
805,1.1933888014391725,0.81358117150434195,7,-8,22
806,1.0791544861704521,0.81437902342284363,7,-8,22
807,0.95142792894085904,0.81371354065114532,7,-8,22
808,0.95120305824151108,0.81327197694910991,7,-8,22
809,0.92826624690802784,0.81247522164342145,7,-8,22
810,0.78367438722734428,0.81242292136736383,7,-8,22
811,0.65774679559253424,0.8117068546119971,7,-8,21
812,0.61659545761187318,0.81085059996364639,7,-8,21.319999999999936
813,0.58601304250056219,0.80972021804679073,7,-7.5,21
814,0.60377782774904432,0.80865860583967009,7,-7.5,21
815,0.62401619069035308,0.80758161600614187,7,-7.5,21
816,0.57162131774229819,0.8067291765049347,7,-8,21
817,0.53226894535642011,0.80704783128307545,7,-8,21
818,0.49921295255228243,0.80735613162389852,7,-7.5,21
819,0.45378907128401169,0.80669050239465279,7,-7.5,21
820,0.41893411288509108,0.80684561185767689,6.5,-8,21
821,0.40094445693726105,0.80665334842187164,7,-8,21
822,0.3932988531594333,0.80834519886359801,7,-8,21
823,0.30604902181245786,0.80986938714903167,7,-8,21
824,0.22307173375309197,0.80981527809237874,6.5,-8,21
825,0.19833595682482572,0.80968583779121583,6.5,-8,21
826,0.16235664492916574,0.8104930239918624,6.5,-8,20.819999999999936
827,0.094895435124803237,0.81168195676297605,6,-8,20
828,0.073307847987407235,0.81341132544084316,6,-8,20.5
829,0.051045648751967619,0.81524821393946234,6,-8,20.5
830,-0.044524398470879245,0.81629824435380971,6,-8,20
831,-0.023611423431526873,0.81710885260859434,6.5,-8,20
832,-0.02810883741848437,0.81751988119320584,6,-8,20
833,0.014166854058916123,0.81799246519160485,6,-8,20
834,0.05734202833370812,0.81804008289137486,6,-8,20
835,0.0074207330784798742,0.81868721407645673,6,-8,20
836,-0.050146165954576119,0.81941471875267136,6,-8,20
837,-0.12098043624915673,0.81842934097988784,6,-8,20
838,-0.15156285136046774,0.81835604191703148,6,-8.5,20
839,-0.20575668990330559,0.81822432209393858,6,-8,19.5
840,-0.2624241061389701,0.818108999410183,6,-8,19.5
841,-0.22801888913874521,0.81910656061574183,6,-8,20
842,-0.23116707892961547,0.81857908035991056,6,-8,20
843,-0.31234540139419836,0.81851360713549359,6,-8,20
844,-0.3728356195187767,0.81777913917591372,6,-8,20
845,-0.40814031931639305,0.81665793972196454,6,-8,19.5
846,-0.48032381380706096,0.81514235447479089,6,-8,19.5
847,-0.4886440296829323,0.81508722728529359,6,-8,20
848,-0.44816730380031483,0.81451548054990297,6,-8,19.5
849,-0.47515178772205979,0.81389646431977836,6,-8,19
850,-0.45918596806836071,0.81439117150128193,6,-8,19.5
851,-0.48504609849336633,0.81527452921945764,6,-8,20
852,-0.51540364290532947,0.81593335550313062,6,-8,19
853,-0.61142343152687206,0.81628322982117762,5.5,-8,19
854,-0.61727006970991682,0.81690233376623955,5,-8,19
855,-0.56757364515403641,0.81773694538676001,5.5,-8,19
856,-0.62514054418709242,0.81816974962827582,5.5,-8,19
857,-0.65504834720035976,0.81728921633968654,5.5,-8.5,19
858,-0.66471778727231845,0.81608603042802408,5.5,-8.5,19
859,-0.68810434000449738,0.81645632783870914,5,-8,19
860,-0.71486395322689456,0.81656581583371479,5,-8,19
861,-0.81268270744322013,0.81616039489830694,5,-8.5,19
862,-0.8756465032606251,0.81634759585666938,5,-8.5,19
863,-0.86755115808410166,0.81619454086789467,5,-8.5,19
864,-0.88733977962671462,0.81563845127482315,5.5,-8.5,19
865,-0.84416460535192261,0.81586588825085338,5.5,-8,19
866,-0.93253879019563746,0.81745811231648879,5,-8,19
867,-0.96492017090173154,0.81902071830804579,5,-8,19
868,-0.93973465257476951,0.82035662339396143,5,-8.5,18.5
869,-0.92399370362041822,0.82080483167265439,5,-8.5,18.319999999999936
870,-0.9048796941758489,0.82256486668337514,5,-8.5,18
871,-0.89431077130649872,0.82465817577391609,5,-9,18.5
872,-0.95502586013042501,0.82689605935070609,5.5,-8.5,18.319999999999936
873,-0.8904879694175849,0.82879012804297092,5,-8.5,18.319999999999936
874,-0.90420508207780526,0.8308760612912558,5,-9,18.319999999999936
875,-0.92804137620867999,0.83334484909896556,5,-9,18
876,-0.92196986732628738,0.83491613449244773,5,-9,18
877,-0.88599055543062744,0.83529400831035849,5,-8.5,18
878,-0.91814706543737346,0.83451137864003178,5,-9,18
879,-0.97076680908477631,0.83504477199674088,5,-9,18
880,-0.98695749943782329,0.83626450839953248,5,-9,18
881,-1.0418259500787048,0.83716038810438986,5,-9,18
882,-1.0177647852484821,0.83889451720005626,5,-9,18
883,-0.96469530020238359,0.84106746809114763,5,-9,18
884,-0.95997301551607828,0.84218376102829284,5,-9,18
885,-0.95142792894085904,0.84262315537599752,5,-9,18
886,-0.98493366314369235,0.84238402750861463,5,-9,18
887,-1.0092196986732629,0.84294992993160489,5,-9,18
888,-1.0672363391050146,0.84121501136490251,5,-9,18
889,-1.1038902630987182,0.8401650546521614,5,-8.8199999999999932,18
890,-1.1016415561052395,0.83860535340699915,5,-9,18
891,-1.0733078479874072,0.83670976845915013,5,-8.5,18
892,-1.1702271194063414,0.83531141486022897,5,-9,18
893,-1.2118281987856983,0.83365221720226945,5,-8.5,18
894,-1.2439847087924443,0.83196112279586665,5,-9,18
895,-1.2577018214526647,0.83115632002218509,5,-9,18
896,-1.2691702271194063,0.830617815052899,5,-9,18
897,-1.2523049246683158,0.83002347990104886,5,-9,18
898,-1.2599505284461434,0.82855611399864004,5,-9,18
899,-1.3492241960872497,0.82824986656504873,5,-9,18
900,-1.3692376883292108,0.82819005164211479,5,-9.5,18
901,-1.4250056217674838,0.8271616845531784,5,-9,18
902,-1.433550708342703,0.82751025046459503,5,-9,18
903,-1.4920170901731504,0.82727839702445205,5,-9.5,18
904,-1.5520575668990331,0.82640293282482247,5,-9,18
905,-1.5794917922194738,0.8260194371634505,5,-9.3199999999999932,18
906,-1.6312120530694851,0.82592126349026784,4.5,-9,18
907,-1.6147964920170901,0.82577828849732515,5,-9,18
908,-1.6327861479649202,0.82508778923879034,5,-9.3199999999999932,18
909,-1.6986732628738475,0.82469092340045647,5,-9,18
910,-1.7281313244884191,0.82465320737152847,4.5,-9,17
911,-1.789521025410389,0.82501262086472049,5,-9.5,17
912,-1.8385428378682258,0.82512474439398786,4.5,-9.5,17
913,-1.825500337306049,0.82599534043450717,5,-9.3199999999999932,18
914,-1.8196536991230043,0.82630199288553108,4.5,-9,18
915,-1.8909377108162806,0.82718080384701564,4.5,-9.5,18
916,-1.8997076680908478,0.82707343079917672,4,-9.5,17.819999999999936
917,-1.9565999550258601,0.82690607890582435,4,-9.5,17
918,-2.0029233190915225,0.82767314764636502,4,-9,17.319999999999936
919,-2.0413762086800089,0.82762598320194902,4,-9.5,17
920,-2.0820778052619744,0.82631661220737995,4,-9,17
921,-2.1592084551382955,0.82543182544390614,4,-9.3199999999999932,17
922,-2.1522374634585115,0.82531513932114797,4,-9,17
923,-2.1045648751967621,0.82616318729960181,4,-9,17.5
924,-2.142118281987857,0.82528061288166576,4,-9,17
925,-2.0955700472228469,0.8257971602527121,4.5,-9.5,17
926,-2.1974364740274344,0.82580427316785165,4,-9,17
927,-2.1992354396222171,0.82451918964945226,4,-9,17
928,-2.2156510006746122,0.8242760747009612,4,-9,17
929,-2.2075556554980884,0.8238106211973637,4,-9.5,17
930,-2.1427928940859005,0.82301617732025301,4,-9.5,17
931,-2.1956375084326512,0.82293872444426097,4,-9,17
932,-2.1839442320665619,0.82279085994374568,4,-9,17
933,-2.1711266022037328,0.82221756858324657,4,-9,17
934,-2.1682032831122107,0.82131297600475783,4,-9,17
935,-2.2586013042500563,0.82010882226359105,4,-9,17
936,-2.318416910276591,0.81819209717189711,4,-9,17
937,-2.3415785923094221,0.81815343033877119,4,-9,17
938,-2.4396222172250956,0.8176718470791885,4,-9.5,17
939,-2.5014616595457611,0.81677357669376793,4,-9,17
940,-2.5695974814481675,0.81556731127004178,4,-9.3199999999999932,17
941,-2.6923768832921069,0.81453942968740511,4,-9.8199999999999932,17
942,-2.7602878344951653,0.8133992426258766,4,-9.5,16.5
943,-2.7456712390375535,0.81261808480029429,4,-9,17
944,-2.789521025410389,0.81202986940469235,4,-9.5,16.5
945,-2.8063863278614796,0.81198048455440364,4,-9,16
946,-2.7636608949853834,0.81234060582066192,4,-9.5,16
947,-2.7294805486845064,0.81343975577524108,4,-9.5,16
948,-2.6408814931414435,0.81641147862375429,4,-9,16.319999999999936
949,-2.6458286485270968,0.8203488651737938,4,-9.5,16.5
950,-2.6435799415336181,0.82472507890547864,4,-9,16
951,-2.6469530020238361,0.82757856869249569,4,-9,16
952,-2.6429053294355747,0.8283355467510769,4,-9.5,16
953,-2.6604452439847086,0.82908311370297161,4,-9.5,16
954,-2.7076680908477626,0.82850485001545859,4,-9.5,16
955,-2.71216550483472,0.82763466677130071,4,-9.5,17
956,-2.7632111535866875,0.82654827564221645,4,-9.5,16
957,-2.7888464133123456,0.82514300025632881,4,-9.5,16
958,-2.7845738700247358,0.82440484341969034,4,-9.5,16
959,-2.7749044299527772,0.82385391160886701,4,-9.5,17
960,-2.7213852035079831,0.82242936680233836,4,-9.5,16.5
961,-2.7674836968742973,0.82092089348730846,4,-9,16
962,-2.8061614571621316,0.81957843030958355,4,-9.5,16
963,-2.8697998650775802,0.81826814380549306,4,-10,16
964,-2.9060040476725884,0.81712643757594106,4,-9.5,16.5
965,-3.0245109062289184,0.81556920643682107,3.5,-9.5,16
966,-3.0600404767258826,0.81346613145957702,4,-9.5,16
967,-3.0894985383404543,0.81204797540655183,3.5,-9.3199999999999932,16
968,-3.11535866876546,0.80986527633223926,3.5,-9.5,16
969,-3.0805037103665391,0.80882978570057007,4,-9.5,16
970,-3.1571846188441648,0.8085978175186701,3,-9.5,16
971,-3.1767483696874299,0.80820631129801579,3.5,-10,16.319999999999936
972,-3.213627164380481,0.80773014942968702,3.5,-10,16
973,-3.1967618619293905,0.80673077193693266,4,-9.5,16
974,-3.1823701371711266,0.80537997687413565,4,-9.5,16
975,-3.1852934562626491,0.80321261945283551,3.5,-10,16
976,-3.2453339329885318,0.80287909389688705,3,-9.5,16
977,-3.321789970766809,0.80178587786988864,3,-9.5,16
978,-3.355970317067686,0.80078635178824076,3,-10,16
979,-3.3957724308522601,0.80049111411135354,3,-9.5,16
980,-3.4252304924668318,0.80022093963522545,3,-10,16
981,-3.4234315268720485,0.80062663976654402,3.5,-10,16
982,-3.4881942882842365,0.80071237557666386,3.5,-10,16
983,-3.5145041601079381,0.80058409573431222,3,-10,16
984,-3.4639082527546661,0.80022271153494995,3.5,-9.5,16
985,-3.4722284686305374,0.79998209638637796,3.5,-10,16
986,-3.5471104115133798,0.79876035403122581,3.5,-10,16
987,-3.6233415785923095,0.79828749893608042,3.5,-10,16
988,-3.6683157184618844,0.79839655244292596,3.5,-10.5,16
989,-3.6453789071284013,0.79681640846047852,3,-10,16
990,-3.6723633910501463,0.79690881912320621,3,-10,16
991,-3.606476276141219,0.79722415141748437,3,-10,16
992,-3.5961322239712166,0.79713428964835442,3.5,-9.5,16
993,-3.6192939060040477,0.79727551094209403,3,-9.5,16
994,-3.5839892062064314,0.79746285275763518,3,-9.5,16
995,-3.5914099392849113,0.79777227637004933,3,-10,16
996,-3.5893861029907801,0.79837664306448053,3.5,-9.5,16
997,-3.6303125702720935,0.79728086418485633,3.5,-10,16
998,-3.5819653699123006,0.79725182917153237,4,-9.5,16
999,-3.5653249381605576,0.79771832748587213,3,-10,16
1000,-3.5747695075331682,0.79792861315249464,3,-10,16
1001,-3.6109736901281764,0.7977042267637714,3,-10,16
1002,-3.6069260175399145,0.79782398680407784,3,-10,16
1003,-3.6280638632786149,0.7987205222210082,3.5,-10,16
1004,-3.5747695075331682,0.79967235080352939,3,-9.5,15.5
1005,-3.6426804587362267,0.80014029604059422,3,-10,15.5
1006,-3.6489768383179673,0.80034535477108126,3,-10,15.5
1007,-3.6554980885990553,0.79993034265729079,3,-9.5,16
1008,-3.6757364515403643,0.79961430296038738,3,-9.5,16
1009,-3.6899033055992803,0.79897566336254167,3,-10,16
1010,-3.7168877895210253,0.7974821391522251,3,-10,16
1011,-3.6970991679784122,0.79688226872125834,3,-10,16
1012,-3.7238587812008097,0.79616276110284256,3,-10.5,15.5
1013,-3.7209354621092872,0.79465369012926557,3,-10,15.5
1014,-3.7141893411288511,0.79286274809560231,3,-10,16
1015,-3.7503935237238588,0.79190897070728017,3,-10,16
1016,-3.7843489993253878,0.79334153561444076,3,-10.5,16
1017,-3.7951427928940857,0.79734899857104224,3,-10.5,16
1018,-3.7852484821227792,0.80526082982900604,3,-10.5,15.5
1019,-3.6997976163705868,0.81476595082452374,3,-10,15.5
1020,-3.6013042500562178,0.82627437892608335,3,-10,16
1021,-3.5367663593433774,0.83764939200252497,3,-10,16
1022,-3.4456937261074883,0.85075656881250905,3,-10,16
1023,-3.3636159208455139,0.86949139896807826,3,-10,15.5
